9.999999999999997780e-01 9.043684157771824786e-12 2.326809013569080468e-11 5.898059818321144121e-17 9.043680605937867999e-12 9.999999999999997780e-01 2.392369987049702393e-10 3.330669073875469621e-16 2.326809994446886716e-11 2.392369993528426003e-10 9.999999000000000526e-01 -3.330669073875469621e-16
9.999978000000000478e-01 5.272628000000037637e-04 -2.066935000000000647e-03 -4.690293999999996938e-02 -5.296506000000038902e-04 9.999991999999997550e-01 -1.154864999999998193e-03 -2.839927999999999203e-02 2.066324000000000025e-03 1.155958000000000983e-03 9.999970999999993060e-01 8.586940999999999047e-01
9.999909999999999632e-01 1.048972000000003698e-03 -4.131347999999999965e-03 -9.374344999999997818e-02 -1.058514000000003452e-03 9.999968000000000190e-01 -2.308103999999995722e-03 -5.676063999999998722e-02 4.128912999999999681e-03 2.312455999999999626e-03 9.999886999999995085e-01 1.716274999999999995e+00
9.999795999999999685e-01 1.566466000000003118e-03 -6.198571000000001677e-03 -1.406428999999999874e-01 -1.587951999999999897e-03 9.999926999999997346e-01 -3.462706000000000291e-03 -8.515762000000007270e-02 6.193101999999999809e-03 3.472479000000001838e-03 9.999746999999995500e-01 2.574964000000000031e+00
9.999637000000000109e-01 2.078471000000000138e-03 -8.263498000000002799e-03 -1.874858000000000080e-01 -2.116663999999999872e-03 9.999871000000000176e-01 -4.615825999999999957e-03 -1.135202000000000433e-01 8.253796999999996747e-03 4.633148999999996132e-03 9.999550999999999856e-01 3.432648000000000810e+00
9.999432999999997573e-01 2.586172000000004634e-03 -1.033094000000000026e-02 -2.343817999999998902e-01 -2.645881000000002703e-03 9.999797999999999742e-01 -5.770162999999999161e-03 -1.419150000000000134e-01 1.031580999999999644e-02 5.797170000000001662e-03 9.999298999999998161e-01 4.291334999999996569e+00
9.999184000000002071e-01 3.088363000000002388e-03 -1.239599000000000083e-02 -2.812195000000000111e-01 -3.174350000000006767e-03 9.999709999999998322e-01 -6.922974999999994411e-03 -1.702742999999999896e-01 1.237424999999999983e-02 6.961758999999999656e-03 9.998990999999995966e-01 5.148986999999998204e+00
9.998890000000000278e-01 3.586305000000000569e-03 -1.446384000000000038e-02 -3.281177999999997930e-01 -3.703403000000004847e-03 9.999604999999998078e-01 -8.077186000000000088e-03 -1.986702999999999941e-01 1.443430000000000060e-02 8.129852999999994181e-03 9.998626999999999931e-01 6.007776999999999923e+00
9.998550999999999966e-01 4.078705000000004514e-03 -1.652912999999999258e-02 -3.749547000000000851e-01 -4.231669000000006474e-03 9.999483999999997375e-01 -9.229793999999999499e-03 -2.270289999999999808e-01 1.649062999999999918e-02 9.298400999999997807e-03 9.998207000000000066e-01 6.865476999999996721e+00
9.998167000000002247e-01 4.566671000000001313e-03 -1.859651999999998445e-02 -4.218367000000000089e-01 -4.760342000000005944e-03 9.999346999999997321e-01 -1.038342000000000084e-02 -2.554150999999998950e-01 1.854787999999999229e-02 1.047003999999999123e-02 9.997730999999995261e-01 7.724035999999999014e+00
9.997737999999998237e-01 5.049868000000004228e-03 -2.066463000000001368e-02 -4.687328999999998969e-01 -5.289072000000004901e-03 9.999194000000002358e-01 -1.153729999999999513e-02 -2.838095999999999397e-01 2.060469999999999663e-02 1.164398999999999990e-02 9.997197999999996032e-01 8.582885999999993132e+00
9.997264000000000150e-01 5.527314999999998792e-03 -2.272922000000000137e-02 -5.155473999999999890e-01 -5.816781000000005239e-03 9.999024999999998053e-01 -1.268907999999999321e-02 -3.121547000000000072e-01 2.265685999999999395e-02 1.281781999999999366e-02 9.996610999999997471e-01 9.440275000000003303e+00
9.996744999999997994e-01 6.000540000000002989e-03 -2.479691999999999313e-02 -5.624310000000000143e-01 -6.345159999999999863e-03 9.998839999999997730e-01 -1.384246000000000087e-02 -3.405415999999999999e-01 2.471098000000000738e-02 1.399529999999999524e-02 9.995965999999999463e-01 1.029895999999999567e+01
9.996182000000002343e-01 6.468772000000000237e-03 -2.686440000000000008e-02 -6.093087000000002584e-01 -6.873365000000002806e-03 9.998638999999998056e-01 -1.499560999999999429e-02 -3.689250000000000029e-01 2.676374000000000114e-02 1.517452999999999511e-02 9.995265999999995987e-01 1.115756999999999266e+01
9.995562000000000058e-01 7.058449999999998233e-03 -2.894212999999999300e-02 -6.562052000000002661e-01 -7.530449000000005028e-03 9.998398999999993375e-01 -1.623192000000000385e-02 -3.973963999999999830e-01 2.882291999999999840e-02 1.644265999999999089e-02 9.994491999999995935e-01 1.201541000000000281e+01
9.995095000000002727e-01 5.595311000000000382e-03 -3.081449999999999467e-02 -7.018788000000002469e-01 -6.093682000000004775e-03 9.998516999999995658e-01 -1.610315000000000010e-02 -4.239118999999999526e-01 3.071982999999999311e-02 1.628302999999999348e-02 9.993952999999997644e-01 1.286964999999999648e+01
9.994226000000000498e-01 7.842767999999999962e-03 -3.306167000000001521e-02 -7.498240999999999934e-01 -8.456089000000006906e-03 9.997939999999997385e-01 -1.845197999999999977e-02 -4.540038999999998492e-01 3.291013999999999051e-02 1.872089000000000045e-02 9.992828999999997519e-01 1.373146000000000022e+01
9.993587000000004883e-01 8.704386000000003190e-03 -3.473399999999998711e-02 -7.992510999999997701e-01 -9.439421000000006862e-03 9.997338000000000058e-01 -2.105421999999999502e-02 -4.840769999999999795e-01 3.454149000000002884e-02 2.136859000000000675e-02 9.991746999999995271e-01 1.460025999999999691e+01
9.992482000000004749e-01 1.235687999999999717e-02 -3.674849000000000171e-02 -8.546641999999999850e-01 -1.320676000000000141e-02 9.996488000000000040e-01 -2.297476999999999159e-02 -5.155070000000000485e-01 3.645169000000000187e-02 2.344281999999999269e-02 9.990603999999997376e-01 1.547957000000000249e+01
9.991826000000004759e-01 1.352279000000000155e-02 -3.809783000000002695e-02 -9.072868000000001709e-01 -1.439161000000000780e-02 9.996403999999997625e-01 -2.262373000000000162e-02 -5.464704999999999702e-01 3.777819000000000316e-02 2.315352000000000382e-02 9.990177999999997338e-01 1.636940000000000595e+01
9.991240999999999595e-01 1.328777000000000083e-02 -3.967996000000000023e-02 -9.609163000000001675e-01 -1.412604000000000116e-02 9.996812999999997729e-01 -2.092051999999999454e-02 -5.783594999999999153e-01 3.938933000000000018e-02 2.146270999999999596e-02 9.989933999999995873e-01 1.726895999999999987e+01
9.990603999999999596e-01 1.351432999999999975e-02 -4.118029000000000134e-02 -1.011589000000000071e+00 -1.432435999999999605e-02 9.997083999999998305e-01 -1.943893999999999830e-02 -6.092403000000000679e-01 4.090557999999999694e-02 2.001054999999999154e-02 9.989626000000000339e-01 1.817317999999999856e+01
9.990174000000000554e-01 1.304821999999999406e-02 -4.235653999999997033e-02 -1.066256000000000537e+00 -1.386115000000000957e-02 9.997241999999995077e-01 -1.895579000000000014e-02 -6.387363000000000346e-01 4.209751999999999938e-02 1.952426999999998594e-02 9.989226999999998302e-01 1.908410999999999902e+01
9.989382999999999457e-01 1.325998999999999928e-02 -4.411963000000001384e-02 -1.118651000000000062e+00 -1.413494000000001770e-02 9.997083999999996085e-01 -1.957869999999999056e-02 -6.686219000000002133e-01 4.384715000000001528e-02 2.018153999999999088e-02 9.988342999999995087e-01 1.999722000000000577e+01
9.989120000000004662e-01 1.152856999999999667e-02 -4.518863000000000046e-02 -1.171840000000000437e+00 -1.247777000000000261e-02 9.997061999999997672e-01 -2.077976999999999255e-02 -6.990778000000001935e-01 4.493579000000000323e-02 2.132100999999999788e-02 9.987622999999999918e-01 2.091368000000000649e+01
9.988799999999999901e-01 1.128892000000000090e-02 -4.595003000000000282e-02 -1.224278999999999895e+00 -1.218132000000000763e-02 9.997416999999999554e-01 -1.918759999999999216e-02 -7.287420999999996152e-01 4.572154999999998581e-02 1.972584000000000837e-02 9.987593999999999639e-01 2.184042000000000172e+01
9.988593000000000055e-01 1.299421000000000256e-02 -4.594913999999998555e-02 -1.280807000000000029e+00 -1.370812000000000766e-02 9.997895999999997230e-01 -1.525610000000000160e-02 -7.604716999999999727e-01 4.574123000000000078e-02 1.586856999999999504e-02 9.988271999999995820e-01 2.277432000000000301e+01
9.988875999999999866e-01 1.379029999999999666e-02 -4.509495000000000170e-02 -1.334840999999999944e+00 -1.432558000000000963e-02 9.998303999999995639e-01 -1.156849999999999545e-02 -7.929672999999998195e-01 4.492775999999998326e-02 1.220163999999999624e-02 9.989156999999995179e-01 2.370953000000000088e+01
9.989649000000002665e-01 1.285173000000000391e-02 -4.363579999999998849e-02 -1.385747000000000506e+00 -1.325687000000000393e-02 9.998715000000000241e-01 -9.007756999999998182e-03 -8.209243999999995545e-01 4.351441999999998422e-02 9.576905999999992675e-03 9.990068000000001947e-01 2.465174999999999272e+01
9.990297999999999679e-01 1.265252999999999864e-02 -4.218320999999999876e-02 -1.436633000000000493e+00 -1.299403000000001057e-02 9.998848999999995213e-01 -7.831284000000002590e-03 -8.456207999999997282e-01 4.207926000000000027e-02 8.371814999999997731e-03 9.990790999999997757e-01 2.559694000000000003e+01
9.990746000000000349e-01 1.289592000000000342e-02 -4.103308999999997347e-02 -1.487044000000000477e+00 -1.333334000000000949e-02 9.998569999999997737e-01 -1.040438000000000127e-02 -8.702126999999997281e-01 4.089304999999998635e-02 1.094185999999999596e-02 9.991035999999999806e-01 2.654470999999999847e+01
9.990966999999999487e-01 1.391009999999999643e-02 -4.015465000000000007e-02 -1.538024999999999975e+00 -1.454998000000000229e-02 9.997710999999995796e-01 -1.568742999999999180e-02 -8.971121000000000789e-01 3.992724000000001661e-02 1.625750999999999932e-02 9.990702999999997447e-01 2.749626999999999200e+01
9.991532999999997999e-01 1.320645000000000152e-02 -3.896502000000000299e-02 -1.586551000000000045e+00 -1.396325000000000170e-02 9.997177999999997677e-01 -1.921474000000000099e-02 -9.254150999999999350e-01 3.870026000000000022e-02 1.974254999999999413e-02 9.990557999999998273e-01 2.845466000000000051e+01
9.992105000000000015e-01 1.079096000000000048e-02 -3.823583999999997929e-02 -1.633363000000000342e+00 -1.148611000000000597e-02 9.997717999999997662e-01 -1.800793000000000185e-02 -9.555629999999997182e-01 3.803278999999998300e-02 1.843289000000000039e-02 9.991063999999997280e-01 2.942292999999999381e+01
9.992215000000002068e-01 9.086311999999997432e-03 -3.839229000000000253e-02 -1.680971000000000437e+00 -9.596057000000006790e-03 9.998678999999998096e-01 -1.311390999999999252e-02 -9.838377000000001482e-01 3.826805999999999958e-02 1.347210999999999548e-02 9.991765999999995262e-01 3.039838999999999203e+01
9.992105000000002235e-01 5.838117000000001174e-03 -3.929762999999998618e-02 -1.728893000000000013e+00 -6.198498000000003672e-03 9.999397999999998232e-01 -9.054939999999999170e-03 -1.011771999999999894e+00 3.924239000000000199e-02 9.291377000000001704e-03 9.991864999999997554e-01 3.137764999999999915e+01
9.991830000000000434e-01 -1.840282999999996597e-03 -4.037463000000000163e-02 -1.768976000000000992e+00 1.460768999999998699e-03 9.999544999999997463e-01 -9.427292000000002045e-03 -1.036362999999999923e+00 4.039013999999998411e-02 9.360610999999997850e-03 9.991400999999995314e-01 3.235714000000000112e+01
9.991063000000000027e-01 -4.894794000000000922e-03 -4.198474999999997348e-02 -1.815834000000000392e+00 4.337365000000001011e-03 9.999013999999998292e-01 -1.335776999999999624e-02 -1.059788999999999870e+00 4.204598999999999837e-02 1.316372999999999328e-02 9.990288999999999975e-01 3.333630999999999744e+01
9.990441999999998268e-01 -4.076713999999996910e-03 -4.352240000000000275e-02 -1.870663000000000409e+00 3.306848000000000252e-03 9.998370000000001978e-01 -1.774633999999998893e-02 -1.088016000000000094e+00 4.358766000000002805e-02 1.758545000000001288e-02 9.988947999999995275e-01 3.432020999999998878e+01
9.989619999999995725e-01 -3.501085999999997440e-03 -4.541813999999998880e-02 -1.929780000000000495e+00 2.639354999999999913e-03 9.998156000000000265e-01 -1.901939999999999881e-02 -1.129879999999999551e+00 4.547634999999997096e-02 1.887977999999998491e-02 9.987869000000000330e-01 3.533097000000000065e+01
9.989126000000000394e-01 -3.564846999999997726e-03 -4.648699999999998667e-02 -1.993748000000000076e+00 2.782575999999996677e-03 9.998535999999997870e-01 -1.688160999999999481e-02 -1.194547999999999943e+00 4.654036999999998370e-02 1.673389999999999253e-02 9.987761999999995588e-01 3.638750999999999891e+01
9.988707999999997256e-01 -2.386256999999976770e-04 -4.750924999999998899e-02 -2.061111999999999167e+00 -4.151975000000089687e-04 9.999052999999999969e-01 -1.375168000000000224e-02 -1.249881000000000020e+00 4.750803000000001358e-02 1.375586999999999470e-02 9.987760999999997225e-01 3.742849999999999966e+01
9.988084999999999880e-01 2.160347999999096576e-06 -4.880145000000000316e-02 -2.126953000000000760e+00 -6.257569000000033329e-04 9.999182999999995936e-01 -1.276297000000000195e-02 -1.305052000000000323e+00 4.879742999999997499e-02 1.277829999999999418e-02 9.987268999999999730e-01 3.847150999999998788e+01
9.987591999999999581e-01 8.809214000000026345e-04 -4.979299000000000225e-02 -2.190967000000000109e+00 -1.403287000000003493e-03 9.999443000000000081e-01 -1.045675999999999550e-02 -1.349142000000000063e+00 4.978100999999997278e-02 1.051366000000000106e-02 9.987047999999995040e-01 3.950365000000000038e+01
9.987569000000001695e-01 4.894212999999969331e-04 -4.984525999999998847e-02 -2.256114999999998982e+00 -8.210333000000096275e-04 9.999775999999995779e-01 -6.632571000000007239e-03 -1.393046999999999480e+00 4.984090000000000048e-02 6.665249999999994096e-03 9.987348999999999810e-01 4.053854999999998654e+01
9.987131999999997456e-01 6.466500000000003495e-03 -5.030150999999997291e-02 -2.329940000000000122e+00 -6.722014000000003583e-03 9.999652999999999459e-01 -4.912120999999996726e-03 -1.426813000000000109e+00 5.026799999999998630e-02 5.243927000000004127e-03 9.987218999999996072e-01 4.156110999999998512e+01
9.987142999999998327e-01 6.952179000000001906e-03 -5.021497999999999934e-02 -2.399728000000000083e+00 -7.192513000000003674e-03 9.999634999999997831e-01 -4.606970999999997034e-03 -1.460730999999999780e+00 5.018111999999998879e-02 4.962218999999999484e-03 9.987277999999996103e-01 4.258303000000001504e+01
9.987083000000002153e-01 6.676282000000002131e-03 -5.037159999999998861e-02 -2.465214000000000016e+00 -7.006772000000004857e-03 9.999549999999998162e-01 -6.387280000000001255e-03 -1.489501000000000186e+00 5.032669000000000031e-02 6.731970999999996319e-03 9.987101000000000450e-01 4.359302000000001698e+01
9.987012999999995699e-01 8.983147999999996358e-03 -5.015068999999999777e-02 -2.535884999999999057e+00 -9.456170000000001588e-03 9.999128999999995493e-01 -9.202712000000001780e-03 -1.522850000000000259e+00 5.006364999999998733e-02 9.664991999999993783e-03 9.986992000000000091e-01 4.459789999999998855e+01
9.986534999999999718e-01 8.808467999999998119e-03 -5.112438999999999872e-02 -2.600016000000000105e+00 -9.296065000000004394e-03 9.999134999999993445e-01 -9.307503000000005161e-03 -1.559884999999999966e+00 5.103797999999998281e-02 9.770224999999993498e-03 9.986488999999997285e-01 4.559881999999998925e+01
9.986012000000001887e-01 6.863745999999998695e-03 -5.242779000000000189e-02 -2.661881000000001052e+00 -7.280160000000006001e-03 9.999433999999998157e-01 -7.755764999999998667e-03 -1.593756000000000395e+00 5.237158999999998871e-02 8.126598000000000502e-03 9.985945000000002736e-01 4.659803000000000139e+01
9.985540000000000527e-01 7.061951000000006411e-03 -5.329344999999999916e-02 -2.728913999999999174e+00 -7.431486000000002770e-03 9.999497000000000524e-01 -6.738977000000000162e-03 -1.629817000000000293e+00 5.324316999999998551e-02 7.125281000000002404e-03 9.985560999999997245e-01 4.759274999999998812e+01
9.985154000000002750e-01 9.830434999999995010e-03 -5.357608999999999982e-02 -2.800793999999998896e+00 -1.032218000000000371e-02 9.999069999999995462e-01 -8.909521999999996111e-03 -1.664528999999999925e+00 5.348351999999997192e-02 9.449317000000000480e-03 9.985239999999997451e-01 4.857855999999998886e+01
9.984686000000002615e-01 1.023790000000000464e-02 -5.436633999999999911e-02 -2.871335999999999000e+00 -1.103255000000001075e-02 9.998362999999997891e-01 -1.433651000000000196e-02 -1.697620999999999825e+00 5.421067000000000247e-02 1.491434999999999636e-02 9.984180999999995310e-01 4.955599999999998317e+01
9.984385000000002286e-01 1.064894999999999731e-02 -5.483887999999998569e-02 -2.937935000000000851e+00 -1.149460000000000585e-02 9.998194999999995281e-01 -1.512828999999999216e-02 -1.729012999999999911e+00 5.466787999999998815e-02 1.573500999999999025e-02 9.983804999999997820e-01 5.053772999999998916e+01
9.984273999999999649e-01 1.026892999999999903e-02 -5.511221000000000175e-02 -3.002463000000000104e+00 -1.093885000000000864e-02 9.998696999999995283e-01 -1.186762999999999707e-02 -1.766742000000000257e+00 5.498315999999998926e-02 1.245182999999999880e-02 9.984095999999997861e-01 5.151844999999998720e+01
9.984355999999999787e-01 7.566176000000000845e-03 -5.540069999999998329e-02 -3.065844000000000680e+00 -8.064009000000003924e-03 9.999289999999997347e-01 -8.767994999999998915e-03 -1.798993999999999982e+00 5.533042999999998601e-02 9.201028999999992519e-03 9.984256000000000242e-01 5.249501000000000062e+01
9.984285000000002741e-01 6.348754999999998462e-03 -5.568045999999998719e-02 -3.130184999999999995e+00 -6.799312000000002666e-03 9.999455999999995459e-01 -7.906115999999999491e-03 -1.830051000000000538e+00 5.562724000000000141e-02 8.272278999999995233e-03 9.984172999999997300e-01 5.346497999999998285e+01
9.984326000000000034e-01 3.282948999999999416e-03 -5.587138000000001214e-02 -3.191519999999998358e+00 -3.779690000000004817e-03 9.999542000000000153e-01 -8.787440000000000528e-03 -1.858398000000000216e+00 5.583997000000001654e-02 8.984842000000001563e-03 9.983992000000000422e-01 5.442804000000000286e+01
9.984067999999998166e-01 -1.460362999999935928e-04 -5.642637999999999820e-02 -3.248810999999998117e+00 -4.508912999999978017e-04 9.999440999999997803e-01 -1.056600000000000074e-02 -1.886486999999999803e+00 5.642476000000001130e-02 1.057460999999999297e-02 9.983507999999997606e-01 5.539177999999999713e+01
9.983366999999999658e-01 -1.591213999999995530e-03 -5.763217999999998425e-02 -3.310922000000000143e+00 1.036801999999993141e-03 9.999528999999998113e-01 -9.648457000000000908e-03 -1.913841000000000347e+00 5.764480999999998384e-02 9.572653999999998151e-03 9.982912000000000452e-01 5.635038999999999731e+01
9.982641000000002096e-01 -4.382862999999998128e-03 -5.873396999999998952e-02 -3.371513999999999900e+00 4.075328999999990390e-03 9.999772999999997358e-01 -5.354817000000004767e-03 -1.938228999999999980e+00 5.875611000000001416e-02 5.106160999999997084e-03 9.982592999999999606e-01 5.731250999999998896e+01
9.982267999999999697e-01 -5.964739999999997024e-03 -5.922693999999999875e-02 -3.438994000000000106e+00 5.986945999999996465e-03 9.999819999999995934e-01 1.974663000000000308e-04 -1.956763000000000474e+00 5.922470000000002593e-02 -5.517038000000010992e-04 9.982444999999997570e-01 5.827399999999998670e+01
9.982022000000000395e-01 -4.407759999999996681e-03 -5.977458999999998857e-02 -3.511312999999999906e+00 4.547913999999989715e-03 9.999871999999997429e-01 2.208854000000000980e-03 -1.975961999999999774e+00 5.976407999999999721e-02 -2.476732000000000586e-03 9.982093999999998024e-01 5.922540000000000049e+01
9.981160999999997285e-01 -2.919495999999999723e-03 -6.128510999999998293e-02 -3.579192999999998293e+00 2.920553999999999685e-03 9.999956999999998208e-01 -7.231076000000143946e-05 -1.998111000000000859e+00 6.128505999999999537e-02 -1.068112000000048432e-04 9.981202000000000130e-01 6.016632999999998788e+01
9.980242000000000280e-01 -1.762043000000003065e-03 -6.280673999999997204e-02 -3.641783999999999910e+00 1.227246999999994899e-03 9.999626999999997601e-01 -8.552513999999997174e-03 -2.021539000000000197e+00 6.281946000000002139e-02 8.458534999999992726e-03 9.979889999999995709e-01 6.109125000000000227e+01
9.979546999999999723e-01 -9.592104999999975139e-04 -6.391830000000002510e-02 -3.703383999999999787e+00 5.024104999999822363e-05 9.998988999999998128e-01 -1.422089000000000165e-02 -2.049159000000000841e+00 6.392546999999997037e-02 1.418859999999999739e-02 9.978537999999995689e-01 6.200631999999997390e+01
9.978643000000002594e-01 4.204985999999999099e-03 -6.518609999999999682e-02 -3.776034999999998920e+00 -5.092497000000006588e-03 9.998964999999997438e-01 -1.345487000000000072e-02 -2.078108999999999984e+00 6.512276999999996874e-02 1.375809000000000233e-02 9.977823999999997362e-01 6.291677999999997439e+01
9.977905000000002467e-01 7.492613000000000398e-03 -6.601518999999997361e-02 -3.843939999999999024e+00 -8.206300000000008379e-03 9.999106999999998191e-01 -1.054641000000000259e-02 -2.112093999999999916e+00 6.593027999999996613e-02 1.106484999999999413e-02 9.977627999999997277e-01 6.381519000000000830e+01
9.976764000000000188e-01 1.025447999999999985e-02 -6.735520999999999869e-02 -3.912602000000000135e+00 -1.087073000000000726e-02 9.999023000000000216e-01 -8.789172000000001345e-03 -2.145353000000000065e+00 6.725849000000003186e-02 9.500949000000001587e-03 9.976903000000000299e-01 6.469786000000000570e+01
9.975908999999999471e-01 1.034502000000000685e-02 -6.859619999999999607e-02 -3.978227999999999209e+00 -1.103350000000000684e-02 9.998924000000000145e-01 -9.665436999999997211e-03 -2.173834999999999962e+00 6.848883000000002830e-02 1.039901000000000193e-02 9.975975999999997512e-01 6.556671999999997524e+01
9.974615999999999483e-01 1.183546999999999551e-02 -7.021660999999999875e-02 -4.046624999999999694e+00 -1.248174000000001373e-02 9.998835999999997615e-01 -8.772233000000002542e-03 -2.201409000000000837e+00 7.010460999999999776e-02 9.626389999999991620e-03 9.974930999999995773e-01 6.642162999999999329e+01
9.973396000000002148e-01 1.318380000000000420e-02 -7.169362999999999431e-02 -4.114441999999998600e+00 -1.380046000000000397e-02 9.998717999999997552e-01 -8.112825000000000591e-03 -2.230821999999999861e+00 7.157747999999999888e-02 9.080645999999994306e-03 9.973937000000000497e-01 6.726454999999999984e+01
9.972258000000000511e-01 1.296773999999999843e-02 -7.329822999999997812e-02 -4.179993999999997989e+00 -1.352349999999999906e-02 9.998834000000001998e-01 -7.090914999999998851e-03 -2.258366000000000096e+00 7.319771999999999390e-02 8.062490999999999755e-03 9.972848000000001933e-01 6.809327999999996450e+01
9.971241000000001797e-01 1.256612000000000354e-02 -7.473753999999997732e-02 -4.244855999999998630e+00 -1.307757000000000884e-02 9.998941999999999553e-01 -6.357728000000000858e-03 -2.283310000000001061e+00 7.464973999999999221e-02 7.316829000000002990e-03 9.971828999999997611e-01 6.890994000000003439e+01
9.969894000000002476e-01 1.489952999999999243e-02 -7.609371999999997582e-02 -4.313021000000001770e+00 -1.525772000000000586e-02 9.998750999999995726e-01 -4.127928000000002928e-03 -2.307844999999999924e+00 7.602271000000002110e-02 5.276516999999996196e-03 9.970920999999998147e-01 6.971423999999997534e+01
9.968772000000004629e-01 1.677181000000000158e-02 -7.716621999999999371e-02 -4.381935000000000358e+00 -1.677976000000000120e-02 9.998589999999998312e-01 5.454461999999995212e-04 -2.329476000000000546e+00 7.716448999999997449e-02 7.510882000000006263e-04 9.970179999999997378e-01 7.050799000000003502e+01
9.966886000000000356e-01 1.928864999999999746e-02 -7.899330999999999714e-02 -4.445509999999999629e+00 -1.916694000000001077e-02 9.998135999999995249e-01 2.298764000000000449e-03 -2.355391000000000012e+00 7.902291999999999650e-02 -7.770901999999997719e-04 9.968723999999999918e-01 7.128436999999999557e+01
9.964961000000002178e-01 2.232345000000000163e-02 -8.060564000000000617e-02 -4.514875000000001748e+00 -2.246982999999999966e-02 9.997470999999999997e-01 -9.091952000000002969e-04 -2.382090999999999958e+00 8.056494999999999629e-02 2.717205000000000314e-03 9.967455999999997873e-01 7.203735000000003197e+01
9.963706999999998315e-01 2.284026999999999932e-02 -8.199948000000002735e-02 -4.580210000000000115e+00 -2.361073000000001032e-02 9.996855999999995079e-01 -8.438421000000001504e-03 -2.409730999999999845e+00 8.178095999999997201e-02 1.034385999999999813e-02 9.965965999999998326e-01 7.276790999999997211e+01
9.962562999999997615e-01 2.164989000000000149e-02 -8.369450999999999974e-02 -4.644342999999998334e+00 -2.291183999999999582e-02 9.996373999999995652e-01 -1.414701999999999626e-02 -2.432981999999999978e+00 8.335788000000005082e-02 1.601164999999999186e-02 9.963909999999995826e-01 7.348065000000002556e+01
9.962035000000000196e-01 2.236697999999999811e-02 -8.413330000000002196e-02 -4.709494000000002067e+00 -2.381956000000000004e-02 9.995832999999997304e-01 -1.630111999999999187e-02 -2.459522999999999904e+00 8.373363999999997032e-02 1.824324999999999905e-02 9.963210999999997375e-01 7.417538999999999305e+01
9.960873000000000088e-01 2.480834000000000164e-02 -8.482127999999997114e-02 -4.775730000000000253e+00 -2.599142999999999940e-02 9.995792999999997264e-01 -1.287206999999999761e-02 -2.490276999999999852e+00 8.446625000000003436e-02 1.502632999999999053e-02 9.963129999999997821e-01 7.485147000000000617e+01
9.959529000000000298e-01 2.606958000000000192e-02 -8.601341999999996546e-02 -4.837514999999999787e+00 -2.697536000000000031e-02 9.995920000000000361e-01 -9.385091000000006858e-03 -2.525955000000001061e+00 8.573366000000000320e-02 1.166734999999999300e-02 9.962497000000000158e-01 7.550744000000003098e+01
9.959074999999999456e-01 2.291063000000000127e-02 -8.742661000000000182e-02 -4.891888999999999932e+00 -2.409575000000000952e-02 9.996311999999998310e-01 -1.252425000000000239e-02 -2.556654000000000426e+00 8.710741999999994933e-02 1.457961000000000153e-02 9.960921999999995391e-01 7.613828000000002305e+01
9.960426000000000002e-01 1.503548999999999164e-02 -8.759638000000002922e-02 -4.937677000000001648e+00 -1.662383999999999737e-02 9.997097999999997597e-01 -1.743140000000000314e-02 -2.585468999999998463e+00 8.730886999999996900e-02 1.881859999999999436e-02 9.960034999999995975e-01 7.675010000000000332e+01
9.961634999999999796e-01 1.044107000000000715e-02 -8.688679000000006092e-02 -4.985836999999998298e+00 -1.249941000000000767e-02 9.996532000000000195e-01 -2.317956999999998963e-02 -2.616741999999998569e+00 8.661462999999999801e-02 2.417666999999999386e-02 9.959483999999997339e-01 7.734408999999999423e+01
9.963973000000002633e-01 1.211154000000000050e-02 -8.393972999999994855e-02 -5.039037999999999684e+00 -1.414998999999999944e-02 9.996182000000002343e-01 -2.373244999999998481e-02 -2.646048000000000400e+00 8.362023999999999846e-02 2.483469000000000301e-02 9.961880999999997988e-01 7.792534000000000560e+01
9.966393999999999531e-01 1.770653999999999978e-02 -7.997748999999999830e-02 -5.092731999999999815e+00 -1.941041000000000294e-02 9.995997999999998163e-01 -2.057726000000000693e-02 -2.675698999999999828e+00 7.958113000000002768e-02 2.206050000000000025e-02 9.965842000000000311e-01 7.849464000000000397e+01
9.970121000000001787e-01 1.664848000000000716e-02 -7.543121999999999328e-02 -5.133801000000001835e+00 -1.801913000000000473e-02 9.996839999999995729e-01 -1.752685999999999480e-02 -2.701839999999999797e+00 7.511558000000000124e-02 1.883368999999998628e-02 9.969968999999999637e-01 7.904953000000000429e+01
9.974632999999998306e-01 1.217037000000000327e-02 -7.013516000000002970e-02 -5.159772000000000247e+00 -1.315774000000000631e-02 9.998204999999997789e-01 -1.363334999999999547e-02 -2.729206999999999272e+00 6.995664999999996747e-02 1.452157999999999227e-02 9.974442999999992843e-01 7.959230000000002292e+01
9.980240000000000222e-01 7.887780999999996490e-03 -6.233725999999999851e-02 -5.183357000000001769e+00 -8.483336000000009716e-03 9.999207999999996099e-01 -9.294846000000005909e-03 -2.756799999999999251e+00 6.225900000000000184e-02 9.805305999999998010e-03 9.980117999999995604e-01 8.012303999999997473e+01
9.985954999999999693e-01 1.068615000000000016e-02 -5.189266999999998797e-02 -5.208268999999999593e+00 -1.122407000000000266e-02 9.998860999999995558e-01 -1.008571999999999767e-02 -2.780022000000000215e+00 5.177897999999997447e-02 1.065399999999999507e-02 9.986016999999998145e-01 8.063455000000000439e+01
9.991826999999997572e-01 1.624761000000000608e-02 -3.701415000000001648e-02 -5.235208999999998447e+00 -1.664973999999999621e-02 9.998053999999995112e-01 -1.058171999999999412e-02 -2.801726999999999190e+00 3.683502000000001692e-02 1.118934999999999548e-02 9.992586999999996111e-01 8.113538000000002626e+01
9.995878000000000263e-01 2.136932999999999888e-02 -1.917552000000000145e-02 -5.248891999999999669e+00 -2.156744000000000022e-02 9.997154999999998681e-01 -1.018472999999999080e-02 -2.822087999999999930e+00 1.895241999999998719e-02 1.059409999999999692e-02 9.997641999999995477e-01 8.162286000000000286e+01
9.997984999999998124e-01 1.993349000000000162e-02 2.394766999999999903e-03 -5.236828000000000038e+00 -1.990872000000000475e-02 9.997521999999995357e-01 -9.958356000000003275e-03 -2.839862999999998028e+00 -2.592678000000001037e-03 9.908670999999995635e-03 9.999474999999995450e-01 8.209700999999999738e+01
9.994836000000002496e-01 1.619025000000000325e-02 2.775763999999999315e-02 -5.207468999999997905e+00 -1.593999999999999931e-02 9.998304999999999554e-01 -9.213406000000000373e-03 -2.859305999999999681e+00 -2.790209999999999912e-02 8.766190000000001828e-03 9.995722000000000218e-01 8.255594000000003518e+01
9.982813999999997634e-01 1.472502000000000186e-02 5.672376999999999281e-02 -5.163542999999997996e+00 -1.430176000000000017e-02 9.998667999999999445e-01 -7.860646999999996651e-03 -2.878003999999998896e+00 -5.683195999999998693e-02 7.035886999999999350e-03 9.983589000000000491e-01 8.300845999999997105e+01
9.959137999999997382e-01 1.420072000000000174e-02 8.918592999999999660e-02 -5.105620000000000047e+00 -1.367049999999999516e-02 9.998850999999999711e-01 -6.553177999999997179e-03 -2.895751000000000186e+00 -8.926873000000005998e-02 5.307183999999998646e-03 9.959933999999995846e-01 8.345454000000002281e+01
9.920007000000001796e-01 1.389448999999999892e-02 1.254661000000000526e-01 -5.029560000000000031e+00 -1.324753000000000736e-02 9.998943000000000136e-01 -5.989348000000001108e-03 -2.911918000000000895e+00 -1.255359999999998977e-01 4.279319999999999652e-03 9.920797999999999561e-01 8.388529999999997244e+01
9.859898999999999747e-01 1.389745000000000043e-02 1.662251999999999341e-01 -4.934649000000000285e+00 -1.302693999999999901e-02 9.998951000000000366e-01 -6.326122999999999469e-03 -2.926166999999998630e+00 -1.662956999999999907e-01 4.072087000000001143e-03 9.860674999999997636e-01 8.431338000000002353e+01
9.775146000000000113e-01 1.346779000000000205e-02 2.104373999999999412e-01 -4.817296999999998164e+00 -1.236226000000000165e-02 9.999019999999999575e-01 -6.568158999999998762e-03 -2.942363999999998203e+00 -2.105052999999999508e-01 3.818988000000000591e-03 9.775851999999993769e-01 8.472869000000000028e+01
9.660755000000004200e-01 1.536343999999999904e-02 2.578024000000000981e-01 -4.680938000000000265e+00 -1.364847999999999929e-02 9.998712000000001821e-01 -8.440597000000002806e-03 -2.961854999999999460e+00 -2.578988999999999865e-01 4.635641999999997112e-03 9.661606999999997614e-01 8.511820000000003006e+01
9.507396999999999654e-01 1.607586999999999211e-02 3.095732999999999957e-01 -4.519192999999997795e+00 -1.319900000000000066e-02 9.998479999999992929e-01 -1.138539999999999865e-02 -2.980545000000001110e+00 -3.097093000000000207e-01 6.738487999999998208e-03 9.508073999999997472e-01 8.550171000000005961e+01
9.313822999999997743e-01 1.599262999999999726e-02 3.636912999999999951e-01 -4.336343999999998644e+00 -1.189395000000000382e-02 9.998379999999997825e-01 -1.350659999999999535e-02 -2.995232999999998924e+00 -3.638483000000000134e-01 8.254080000000000444e-03 9.314215999999995166e-01 8.585373000000002719e+01
9.076306000000003982e-01 1.642663999999998889e-02 4.194483999999998880e-01 -4.130088999999999899e+00 -1.094447000000000128e-02 9.998203999999998315e-01 -1.547307000000000196e-02 -3.006845999999999908e+00 -4.196271999999998670e-01 9.453183999999999892e-03 9.076471999999999873e-01 8.620001000000000602e+01
8.794214000000002418e-01 1.652574999999999877e-02 4.757572999999999941e-01 -3.903865999999998060e+00 -9.195858000000006402e-03 9.998004999999999809e-01 -1.773051000000000488e-02 -3.018352999999998953e+00 -4.759553999999998619e-01 1.121758999999999951e-02 8.793977999999997852e-01 8.652588000000000079e+01
8.470020000000000326e-01 1.463489999999999756e-02 5.313883999999997609e-01 -3.656379999999999963e+00 -4.922887000000005127e-03 9.997939999999997385e-01 -1.968840999999999300e-02 -3.030940999999998109e+00 -5.315669999999995676e-01 1.406014999999999349e-02 8.468994999999995832e-01 8.681210000000000093e+01
8.111527000000001708e-01 1.400216999999999781e-02 5.846668000000000420e-01 -3.393065999999999249e+00 -2.514888000000003315e-03 9.997875999999999985e-01 -2.045480000000000215e-02 -3.048141999999998131e+00 -5.848290000000002653e-01 1.512159000000000246e-02 8.110155999999997256e-01 8.709557999999999822e+01
7.722940999999999834e-01 1.213857000000000130e-02 6.351491999999997473e-01 -3.115393000000000079e+00 -7.665609000000368507e-05 9.998191999999997970e-01 -1.901470999999999023e-02 -3.063358000000000469e+00 -6.352651999999999743e-01 1.463624999999999649e-02 7.721552999999995448e-01 8.734502999999996575e+01
7.306835000000000413e-01 1.139090000000000415e-02 6.826213999999996007e-01 -2.817802999999999614e+00 -2.276654000000001598e-04 9.998647999999999980e-01 -1.644104000000000051e-02 -3.074583999999998873e+00 -6.827163000000000537e-01 1.185777999999999659e-02 7.305871999999993260e-01 8.759400999999999726e+01
6.869081000000000214e-01 1.002390000000000399e-02 7.266751999999995215e-01 -2.508137000000000949e+00 1.642221999999998305e-03 9.998808999999997393e-01 -1.534490999999999286e-02 -3.084459999999999980e+00 -7.267423999999997886e-01 1.173389999999999676e-02 6.868097999999998038e-01 8.782009999999999650e+01
6.415606000000002584e-01 8.605910000000003071e-03 7.670240999999999865e-01 -2.182602000000000153e+00 5.801599999999997904e-03 9.998540000000000205e-01 -1.607085999999999931e-02 -3.093148999999999038e+00 -7.670504000000002431e-01 1.476038999999999997e-02 6.414169999999997929e-01 8.800813000000002262e+01
5.961032000000002773e-01 5.416591000000001849e-03 8.028895999999995370e-01 -1.847638000000001002e+00 1.299441999999999611e-02 9.997811999999995924e-01 -1.639256999999999173e-02 -3.103537999999999464e+00 -8.028026000000000328e-01 2.020474999999999355e-02 5.959022999999999959e-01 8.818798999999999921e+01
5.506434999999997304e-01 6.831839000000001008e-03 8.347126000000000268e-01 -1.511055000000000259e+00 1.267693999999999592e-02 9.997827000000000242e-01 -1.654562000000001087e-02 -3.116572000000000120e+00 -8.346443000000000056e-01 1.969232999999999748e-02 5.504371999999997378e-01 8.834349000000000274e+01
5.045001000000002289e-01 9.750746999999998846e-03 8.633566000000000296e-01 -1.165581999999999896e+00 8.934954999999996164e-03 9.998236999999999819e-01 -1.651313000000000086e-02 -3.127426999999999069e+00 -8.633653999999997275e-01 1.604492000000000071e-02 5.043239999999999945e-01 8.850203999999996540e+01
4.602982999999999936e-01 1.148164000000000476e-02 8.876901000000000375e-01 -8.110713999999998869e-01 8.704639999999994396e-03 9.998098999999998071e-01 -1.744549999999999226e-02 -3.138031000000000681e+00 -8.877215999999999996e-01 1.575714999999999061e-02 4.601107999999998754e-01 8.864158999999996524e+01
4.188672999999999980e-01 9.627241999999999397e-03 9.079964000000000368e-01 -4.500223000000001528e-01 1.561926999999999413e-02 9.997194000000000358e-01 -1.780508000000000784e-02 -3.146258999999999695e+00 -9.079131000000000284e-01 2.164019999999999486e-02 4.185993999999998993e-01 8.874794999999997458e+01
3.806251999999999969e-01 1.378825999999998579e-03 9.247284000000000059e-01 -7.268360999999989858e-02 3.173795999999998868e-02 9.993901999999995622e-01 -1.455374000000000424e-02 -3.150457999999999981e+00 -9.241844999999995203e-01 3.488850999999999064e-02 3.803493999999998931e-01 8.883995000000000175e+01
3.461081999999998660e-01 -2.337057999999995594e-03 9.381916999999999618e-01 3.020916000000000712e-01 3.764494000000000867e-02 9.992261000000000060e-01 -1.139850000000000932e-02 -3.156585999999999004e+00 -9.374390000000002443e-01 3.926326999999998901e-02 3.459283000000000219e-01 8.893047000000002811e+01
3.138408999999999782e-01 1.002431999999999282e-03 9.494751000000000163e-01 6.763449999999999740e-01 3.611653000000000086e-02 9.992630999999997377e-01 -1.299300999999999928e-02 -3.166834999999999845e+00 -9.487883999999997542e-01 3.836946999999998886e-02 3.135733999999998911e-01 8.902314999999997269e+01
2.833111999999999853e-01 8.752363000000009524e-03 9.589880999999997879e-01 1.050890999999999575e+00 2.492262999999999076e-02 9.995534000000000363e-01 -1.648542000000000063e-02 -3.185173999999999506e+00 -9.587041000000001700e-01 2.857099999999998877e-02 2.829664999999998987e-01 8.912503000000002373e+01
2.551133000000000983e-01 1.327092999999999329e-02 9.668200999999999601e-01 1.434582999999999942e+00 1.946153999999999940e-02 9.996326999999998186e-01 -1.885662000000000102e-02 -3.205996999999999097e+00 -9.667153000000004992e-01 2.362637999999999891e-02 2.547613000000001349e-01 8.921055999999997255e+01
2.298762000000000028e-01 1.514276000000000337e-02 9.731020999999997478e-01 1.832910000000000039e+00 2.080733999999999709e-02 9.995739000000000152e-01 -2.047003000000000017e-02 -3.222113999999999923e+00 -9.729974000000002343e-01 2.495323999999999459e-02 2.294631999999998950e-01 8.927715000000003442e+01
2.067350000000000021e-01 1.580711999999999395e-02 9.782692999999995642e-01 2.240743000000000151e+00 2.747049999999999145e-02 9.993814999999998117e-01 -2.195352000000000067e-02 -3.234217000000001008e+00 -9.780111999999999695e-01 3.141209999999998448e-02 2.061728999999999923e-01 8.932949999999996749e+01
1.870148999999999562e-01 2.174817000000000763e-02 9.821163000000000531e-01 2.662749999999999950e+00 3.631699999999998818e-02 9.989183999999999841e-01 -2.903573999999999738e-02 -3.232193000000000094e+00 -9.816854999999997666e-01 4.109761999999998749e-02 1.860227999999999327e-01 8.937210000000003163e+01
1.677054000000001710e-01 2.973014999999999339e-02 9.853887999999999536e-01 3.089762000000001230e+00 3.891920000000000102e-02 9.985662999999995737e-01 -3.675146999999998748e-02 -3.233113999999999155e+00 -9.850685999999997389e-01 4.451394999999998270e-02 1.663079000000000085e-01 8.941898999999999376e+01
1.501195000000000446e-01 3.105637000000001022e-02 9.881799999999997253e-01 3.536770000000000191e+00 3.662396999999999875e-02 9.986457999999995838e-01 -3.694903999999998856e-02 -3.247012999999999039e+00 -9.879892000000002339e-01 4.173783999999999828e-02 1.487787999999998778e-01 8.947221999999999298e+01
1.346624999999999905e-01 2.612444000000000224e-02 9.905471000000000137e-01 4.002127999999999908e+00 3.409387000000001222e-02 9.989382999999999457e-01 -3.098073999999998926e-02 -3.269702999999999804e+00 -9.903047999999997630e-01 3.794351999999998754e-02 1.336288999999999394e-01 8.952058999999999855e+01
1.200338999999999989e-01 2.244058999999999984e-02 9.925161999999999596e-01 4.475771000000001720e+00 3.438479000000000535e-02 9.990506999999997362e-01 -2.674681000000001321e-02 -3.292076999999999032e+00 -9.921740999999999477e-01 3.733796999999998423e-02 1.191484000000000015e-01 8.955606000000003064e+01
1.066450000000000037e-01 2.015680000000000596e-02 9.940928999999995019e-01 4.962461000000000233e+00 3.689253999999998757e-02 9.990257999999997418e-01 -2.421461999999999920e-02 -3.311657999999998214e+00 -9.936123999999999512e-01 3.925696999999998826e-02 1.057974999999999194e-01 8.958341000000000065e+01
