1.000000000000000000e+00 1.340647807916491148e-19 -4.035537943246326386e-21 1.734723475976807094e-18 -6.058368000060349672e-19 1.000000000000000000e+00 -6.966187348603874941e-19 0.000000000000000000e+00 -7.959587449556990010e-20 -1.678459064301256428e-19 9.999999999999998890e-01 0.000000000000000000e+00
9.999927969643773729e-01 -8.897397023610130592e-04 -3.689768131893170384e-03 4.724239669486979265e-02 8.844027276688159979e-04 9.999985609205025439e-01 -1.447752434461497444e-03 -2.310091785237111672e-02 3.691050450510653495e-03 1.444478886048218428e-03 9.999921447804994701e-01 6.880627936388985511e-01
9.999633470023112647e-01 1.047796752409740993e-03 -8.497458389484541241e-03 6.828326208128875086e-02 -1.066915709429089787e-03 9.999969091023300782e-01 -2.245767051461626702e-03 -3.877265312790900004e-02 8.495077881679748491e-03 2.254751002106542522e-03 9.999613741197845851e-01 1.438011133796877505e+00
9.999210451748452577e-01 1.447930715763852318e-03 -1.248226568671226104e-02 6.402295567696729417e-02 -1.475111967120966948e-03 9.999965604208627123e-01 -2.168682399739547788e-03 -6.157253162067218705e-02 1.247908098183603265e-02 2.186924102455892541e-03 9.999197417118085296e-01 2.171438403499831082e+00
9.998404950682192593e-01 2.289086505843174277e-03 -1.771283658397507926e-02 5.679033640483451689e-02 -2.330514220485763004e-03 9.999945963977809882e-01 -2.318591889219552213e-03 -7.893417203999916754e-02 1.770743104436553472e-02 2.359502290454731314e-03 9.998404270532199600e-01 2.894395696210914082e+00
9.997695034758727894e-01 2.540319842615076755e-03 -2.131869590487439972e-02 2.037711634605148328e-02 -2.581439252616072200e-03 9.999948601728025910e-01 -1.901522879337915091e-03 -1.083194113269540099e-01 2.131375300157949820e-02 1.956117684205261296e-03 9.997709224849029575e-01 3.609643524516963353e+00
9.996627844298571208e-01 3.251689519482523286e-03 -2.576323113957651456e-02 -2.523621377993127621e-02 -3.335519557353397273e-03 9.999892799515374131e-01 -3.211584613757459752e-03 -1.072218649820496639e-01 2.575250843485434038e-02 3.296435673714976072e-03 9.996629140361168453e-01 4.356219123603368715e+00
9.994961366031767103e-01 6.209936191590882150e-03 -3.112731607143176191e-02 -2.741401773894427268e-02 -6.310215342366003698e-03 9.999752092573466200e-01 -3.124424141142743538e-03 -1.386500008033923204e-01 3.110713776721374391e-02 3.319270229425265277e-03 9.995105443435451376e-01 5.124825825824475878e+00
9.993742348243556117e-01 4.780891521660466346e-03 -3.504685547296274711e-02 -9.422688683522513486e-02 -4.901922740089011306e-03 9.999823125891217357e-01 -3.368329085262848632e-03 -1.091439506344429877e-01 3.503012728145505489e-02 3.538018603967429867e-03 9.993799939940203325e-01 5.933418532550840396e+00
9.992075990192660351e-01 3.736229272114563720e-03 -3.962593765875484925e-02 -1.236695892557715531e-01 -3.811764081113062485e-03 9.999910592023626421e-01 -1.830834808101823672e-03 -1.067646475596643330e-01 3.961873764773571338e-02 1.980428978195275438e-03 9.992129068720734253e-01 6.739609861084697506e+00
9.990635076596284803e-01 1.890878151089437752e-03 -4.322652617635276695e-02 -1.674104430249375719e-01 -1.903540407453923472e-03 9.999981565670215122e-01 -2.517772817320540935e-04 -1.043855028746964453e-01 4.322596461920075184e-02 3.338249998674746579e-04 9.990652652483056340e-01 7.556254284695391732e+00
9.989681109245762691e-01 3.724237881876808157e-03 -4.526415539130935334e-02 -2.146713856880394511e-01 -3.744965230746812122e-03 9.999929179687899738e-01 -3.731450611402856708e-04 -1.133718036926880529e-01 4.526243908542503663e-02 5.422727915851120219e-04 9.989749832720540290e-01 8.355834932639353951e+00
9.988581330321005813e-01 3.277390429211862483e-03 -4.766224055900492723e-02 -2.581928625629388852e-01 -3.283566030719269491e-03 9.999946077631149954e-01 -5.128877595861162930e-05 -1.338344287745209804e-01 4.766180907445655840e-02 2.077323859561221739e-04 9.988635084053172353e-01 9.186609182549920760e+00
9.988071226453497653e-01 2.429643446022821968e-03 -4.876913969629532997e-02 -3.158824445861265762e-01 -2.445447155327527215e-03 9.999969749335364533e-01 -2.643970701204583049e-04 -1.528368355514458377e-01 4.876834324169491280e-02 3.833441063235448385e-04 9.988100426757120509e-01 1.003421662823049232e+01
9.986070619184691521e-01 2.363885364352919828e-03 -5.271004072495533155e-02 -2.987513054435457227e-01 -2.356494325228109844e-03 9.999972029859797162e-01 2.023603586533472898e-04 -1.631524924450118708e-01 5.271036458793640356e-02 -7.786753029751396812e-05 9.986098391994605583e-01 1.089624755127838185e+01
9.985337412854756733e-01 1.151770652279886014e-03 -5.412061916625499070e-02 -3.472757312413973230e-01 -1.143479789772252784e-03 9.999993292694121516e-01 1.841541184913207175e-04 -1.748934798044168293e-01 5.412078771593399618e-02 -1.219982290181311667e-04 9.985343884790608415e-01 1.176480359480492588e+01
9.984492596469757286e-01 3.142628368838475562e-03 -5.558057490176166598e-02 -4.180856861548570835e-01 -3.229249189464983641e-03 9.999937073485327677e-01 -1.468741610146449394e-03 -1.901761339145764118e-01 5.557560199888257613e-02 1.645947684868090443e-03 9.984531249992177893e-01 1.261406862401381801e+01
9.983923267604554175e-01 4.051710773013457965e-03 -5.653623646395113805e-02 -4.852880269160716464e-01 -4.280944131631429783e-03 9.999830979559104494e-01 -3.934119874268186302e-03 -1.978625318707518677e-01 5.651933340226406033e-02 4.169823957965503383e-03 9.983927969555508319e-01 1.347589073561355910e+01
9.982437872269990242e-01 6.778414648925844450e-03 -5.885061542339380114e-02 -5.339925298703572798e-01 -7.074519887377067259e-03 9.999633364987252637e-01 -4.824602760175450249e-03 -2.230745743691236183e-01 5.881574672379871749e-02 5.232470064657721368e-03 9.982551420609282467e-01 1.438716648102583129e+01
9.981771463233739539e-01 7.982296969860460875e-03 -5.982196999241582575e-02 -5.804274092238016491e-01 -8.273231201417452843e-03 9.999551162711128871e-01 -4.617255490446349128e-03 -2.399893130701392929e-01 5.978242065435743907e-02 5.103760373477411912e-03 9.981983837145006477e-01 1.522337262229389410e+01
9.981608786394244870e-01 5.336158889163704171e-03 -6.038531577298167363e-02 -6.865155583803947970e-01 -5.607463982989342732e-03 9.999749278471711245e-01 -4.324349410746615441e-03 -2.295437921950288507e-01 6.036071828656448118e-02 4.655005327825640152e-03 9.981657748296647314e-01 1.611605282868926281e+01
9.980539222356424878e-01 4.802864540423617754e-03 -6.217154840645208042e-02 -7.142968205710545915e-01 -5.070924926272145881e-03 9.999785123822468869e-01 -4.154572172117770162e-03 -2.296283566163451195e-01 6.215025031904678615e-02 4.461754728509647640e-03 9.980568313103569400e-01 1.704697621753172498e+01
9.979489755747478208e-01 6.345881138641294023e-03 -6.369907852786731162e-02 -7.630849780955774042e-01 -6.611375824993177136e-03 9.999703113067683891e-01 -3.958053104918288038e-03 -2.481704394464049335e-01 6.367206152680325582e-02 4.371074006639540446e-03 9.979613026865848946e-01 1.795322098150072065e+01
9.978568149717838009e-01 4.236203840860298941e-03 -6.529802505925899614e-02 -8.091257057101099992e-01 -4.501052336885465015e-03 9.999822282726749112e-01 -3.909430300431683200e-03 -2.674080542058417387e-01 6.528029471498844605e-02 4.194961898931321397e-03 9.978581486126871791e-01 1.886337137113067541e+01
9.978046031493912338e-01 5.102738312933931264e-03 -6.602981673491042924e-02 -8.978522973929495832e-01 -5.376901804670599153e-03 9.999776435461406043e-01 -3.975086147823373404e-03 -3.033854169330554851e-01 6.600804787948419405e-02 4.321395511315486923e-03 9.978097326036324821e-01 1.977496780438593404e+01
9.977784115417309696e-01 4.740790449478842102e-03 -6.645123833609023478e-02 -9.657550614655966426e-01 -4.975719114931078518e-03 9.999819414413243512e-01 -3.370309881782161329e-03 -3.091194853634197659e-01 6.643405149305553481e-02 3.693465500057373924e-03 9.977839818454805609e-01 2.071149027111020047e+01
9.978144829569534080e-01 5.654885429501127492e-03 -6.583525326924709320e-02 -1.058459808424215165e+00 -5.569350126170131456e-03 9.999833918650389286e-01 1.482673064638599485e-03 -3.390526333016521954e-01 6.584253539382321774e-02 -1.112773111397533403e-03 9.978294050497129586e-01 2.166147957834082405e+01
9.978761602617166604e-01 5.000689931966773721e-03 -6.494738303355114539e-02 -1.122007854258292081e+00 -4.674609536186119518e-03 9.999757006611037502e-01 5.171663954436840280e-03 -3.407074817154630009e-01 6.497165803451146471e-02 -4.857076850737639291e-03 9.978752886910789988e-01 2.260074586117747941e+01
9.979720601745571962e-01 5.399534539237779533e-03 -6.342407107753079976e-02 -1.184572287226442810e+00 -4.944443016404719352e-03 9.999609100993747113e-01 7.330126367728936020e-03 -3.524973125287795828e-01 6.346116259978897001e-02 -7.001665121483349220e-03 9.979597471223941030e-01 2.354958904634178296e+01
9.980594962789296476e-01 4.379852591895445034e-03 -6.211327881477671231e-02 -1.235623609358913910e+00 -3.889413905530784022e-03 9.999603187403418580e-01 8.014574514069543881e-03 -3.483161341954393309e-01 6.214590840357139823e-02 -7.757438530068723470e-03 9.980369269667785925e-01 2.445551541008564200e+01
9.981717198483586184e-01 6.413951348660742839e-03 -6.010057837880300458e-02 -1.319869574217094055e+00 -6.021070093874759423e-03 9.999593211142607796e-01 6.715863514231465436e-03 -3.871646552578855149e-01 6.014120071513009286e-02 -6.341715701351676761e-03 9.981697340778247218e-01 2.540293848895906592e+01
9.981860480941215918e-01 9.199647986775754890e-03 -5.949773499023119916e-02 -1.394526869608176955e+00 -9.072457799369828060e-03 9.999559462734187720e-01 2.407486720222529533e-03 -3.968931588654289744e-01 5.951725395329060531e-02 -1.863329059196540839e-03 9.982255375988284829e-01 2.636151369646525211e+01
9.982419627392280503e-01 7.430632311167959837e-03 -5.880280699432831326e-02 -1.440787467750160422e+00 -7.520801744214932437e-03 9.999708572936786277e-01 -1.312278976747908305e-03 -3.990779267209864090e-01 5.879133438747326246e-02 1.752216394757288289e-03 9.982687554895126603e-01 2.734837167363644994e+01
9.983023698409194679e-01 4.678181589453165971e-03 -5.805595182935015253e-02 -1.483625473678653384e+00 -4.761104963992283945e-03 9.999878336637372245e-01 -1.290111606427658993e-03 -3.934184316924481672e-01 5.804920234998905970e-02 1.564332136254948172e-03 9.983124973833474858e-01 2.829186450358833582e+01
9.983154700407247395e-01 3.106658192361899835e-03 -5.793592582091446758e-02 -1.540871208613037835e+00 -2.904687661153093625e-03 9.999894089606038428e-01 3.569979727569029797e-03 -4.093743996986210498e-01 5.794639515878175634e-02 -3.395680446417879538e-03 9.983139206155955403e-01 2.929564261256891555e+01
9.982726047448766682e-01 -2.801041077146031199e-04 -5.875141455649566385e-02 -1.604153323734401448e+00 7.493388741308374843e-04 9.999679988729066604e-01 7.964906348218529428e-03 -4.309298151211221617e-01 5.874729555976043738e-02 -7.995173129597285544e-03 9.982408686807263676e-01 3.021959190560707498e+01
9.981443673922878457e-01 -8.864020405508047512e-03 -6.024326990599696008e-02 -1.621596477959566629e+00 9.289829523974736311e-03 9.999337831448208425e-01 6.791789202793223519e-03 -4.361022785175528438e-01 6.017907014595345189e-02 -7.338836400482379521e-03 9.981606185406813880e-01 3.125413542007112255e+01
9.980118917810637535e-01 -1.246500197053891645e-02 -6.178096965356204284e-02 -1.678591588443250071e+00 1.273979723322323822e-02 9.999106191866183879e-01 4.056007708687377374e-03 -4.679138394780943400e-01 6.172488118565590959e-02 -4.835021305089177990e-03 9.980814901577301779e-01 3.224884351102826230e+01
9.979480987002676828e-01 -1.093301546314289462e-02 -6.308773346722847120e-02 -1.761608496197492713e+00 1.095505416523766089e-02 9.999399915844181530e-01 3.463575635778672297e-06 -4.817239864463734311e-01 6.308390133776700659e-02 -6.945860172347009375e-04 9.980079850923221363e-01 3.323863636216787398e+01
9.978720971389695160e-01 -9.198008543798230977e-03 -6.454978740163318240e-02 -1.840416853541082309e+00 9.135258497215675150e-03 9.999574697556178338e-01 -1.267173138573866702e-03 -4.939234055272193613e-01 6.455868889090266016e-02 6.747978268017562750e-04 9.979136834805185652e-01 3.422544959910764817e+01
9.977974019302749964e-01 -1.150649437740410702e-02 -6.532951838911675579e-02 -1.903412367609965239e+00 1.147994554112260340e-02 9.999337976757453061e-01 -7.817330384676502396e-04 -4.861969099033367492e-01 6.533417966125726339e-02 3.003193095208379107e-05 9.978634392496031902e-01 3.523518960489808194e+01
9.977319356685248053e-01 -9.250343973748012191e-03 -6.667395584226123995e-02 -1.959387745308737383e+00 9.435977400380541127e-03 9.999524299744891875e-01 2.469842210629264768e-03 -5.089063342736596107e-01 6.664792832492819064e-02 -3.093374593417172469e-03 9.977717594608188634e-01 3.622756905691991136e+01
9.976830719521730950e-01 -5.737087057133820334e-03 -6.779066670737252109e-02 -2.034966155679636568e+00 6.018069489397886822e-03 9.999741238503812024e-01 3.941380300147784635e-03 -5.274192883456533254e-01 6.776629141087849029e-02 -4.340217650226959462e-03 9.976917818290984563e-01 3.724916684435630287e+01
9.975415399478220202e-01 -7.344050718524335920e-03 -6.969176248286593212e-02 -2.086235264311372184e+00 7.755952616375749904e-03 9.999540076698867352e-01 5.641609101755772765e-03 -5.092484596094395410e-01 6.964711558433731020e-02 -6.168265889710073877e-03 9.975526206757149295e-01 3.825329470229190321e+01
9.975613558593567909e-01 -7.566370808529510050e-03 -6.938365861891325481e-02 -2.166326610912685080e+00 8.237258251403530712e-03 9.999220010604381592e-01 9.388257721542472151e-03 -5.434986399575955085e-01 6.930720242109664198e-02 -9.936894976214258671e-03 9.975458731532195200e-01 3.926338721247169161e+01
9.975970003301335431e-01 -2.325682672834755282e-03 -6.924461626394280700e-02 -2.271572534669584531e+00 3.105700275276549686e-03 9.999329117143183066e-01 1.115915371360663016e-02 -5.422986621443918187e-01 6.921400882040247560e-02 -1.134739216599858422e-02 9.975372959993255018e-01 4.028997466573687092e+01
9.975608321029763026e-01 -1.855376712484545481e-04 -6.980223916552950880e-02 -2.333398208654947403e+00 9.679784138954793940e-04 9.999370809694559936e-01 1.117573860940055709e-02 -5.470146128039393707e-01 6.979576438954412931e-02 -1.121604702568759424e-02 9.974982460066147416e-01 4.127521434656019750e+01
9.976010649144618769e-01 -1.592009514116722417e-03 -6.920680267268490560e-02 -2.412140619202312486e+00 2.301636875757612829e-03 9.999455824165717210e-01 1.017519964669925774e-02 -5.613763299169035603e-01 6.918682830592896849e-02 -1.031007971818555247e-02 9.975504419735666817e-01 4.228041335785159305e+01
9.976111056567383839e-01 -4.490783387776921741e-06 -6.908026200458472488e-02 -2.485649580346514842e+00 5.366414974801775230e-04 9.999703273845040874e-01 7.684814746521779170e-03 -5.609173959313323854e-01 6.907816843515639238e-02 -7.703528442636947346e-03 9.975815062116333287e-01 4.326952951869408537e+01
9.975258421811948883e-01 7.789397936872715896e-04 -7.029643097615417835e-02 -2.542916102729614547e+00 -2.257480708583492794e-04 9.999689503574437088e-01 7.877015230179104308e-03 -5.782803017689072123e-01 7.030037458798939209e-02 -7.841657548703508118e-03 9.974950450779653810e-01 4.425077631023719960e+01
9.974785342125604970e-01 -3.290640878195441772e-04 -7.096806527111980401e-02 -2.638792247840654248e+00 9.684455435490783208e-04 9.999592530470813312e-01 8.975208712014676529e-03 -5.964466411314710559e-01 7.096221059917333374e-02 -9.021307414763420768e-03 9.974382085524879926e-01 4.524731164412430218e+01
9.973566716294369749e-01 -1.666077820704967060e-03 -7.264223675334548214e-02 -2.677062647951255592e+00 2.337467478681421081e-03 9.999553290804914507e-01 9.158389788357187977e-03 -5.831697156282305006e-01 7.262372342275716375e-02 -9.303980723523780708e-03 9.973160130596147033e-01 4.625494408980598138e+01
9.974066735796697225e-01 1.047170700274286086e-03 -7.196410036752047545e-02 -2.810783323724430627e+00 -5.133832223172793462e-04 9.999722244435943486e-01 7.435508605143146925e-03 -6.135900035002547215e-01 7.196987811853099160e-02 -7.379281284093696172e-03 9.973795075259315190e-01 4.721817900663067036e+01
9.973323865577284897e-01 2.342213488606880757e-03 -7.295632660962228511e-02 -2.874839914226730464e+00 -2.194730578291103143e-03 9.999953831670213011e-01 2.101618706251931479e-03 -6.025471631933021488e-01 7.296090244296812855e-02 -1.935893013310263644e-03 9.973329224490500300e-01 4.822630897242802206e+01
9.973165147498908034e-01 2.330420619501440312e-03 -7.317335160258714444e-02 -2.963006917440215382e+00 -2.257388002767015279e-03 9.999968680760534800e-01 1.080756408957859105e-03 -6.298574928832629816e-01 7.317563123926373869e-02 -9.126755793948652549e-04 9.973186517764554004e-01 4.920532483378408273e+01
9.973087980816738307e-01 1.800171866902222466e-03 -7.329339321679818886e-02 -3.028776823775071403e+00 -1.525684778912372343e-03 9.999916128557450046e-01 3.800856120423611647e-03 -6.289617992655867074e-01 7.329961086202424481e-02 -3.678804871773384312e-03 9.973031798806061277e-01 5.017316125373915980e+01
9.973223250124891859e-01 -3.439111216227980087e-04 -7.313044911864387265e-02 -3.131856293307613726e+00 9.057971892836302885e-04 9.999703256610013025e-01 7.650316376020650268e-03 -6.669160674076243245e-01 7.312563818260515991e-02 -7.696073238159640770e-03 9.972930415148086869e-01 5.112701872988936458e+01
9.972219228446903561e-01 -1.217423298276750198e-04 -7.448773481276524389e-02 -3.151314309816662718e+00 7.158877772002056805e-04 9.999681437905645343e-01 7.949774868145612419e-03 -6.669609140490098120e-01 7.448438410016693101e-02 -7.981015228816244755e-03 9.971902421547415019e-01 5.210194299207391566e+01
9.972402201373302688e-01 -4.179140285346136068e-03 -7.412475279604018030e-02 -3.242451768165915738e+00 4.727843398464327308e-03 9.999626973090848248e-01 7.228519952480558924e-03 -6.787694467028438927e-01 7.409176880177838209e-02 -7.559021610543880179e-03 9.972227785828005064e-01 5.307269227296356462e+01
9.972306587476962303e-01 -6.825901682086622096e-03 -7.405687794209982189e-02 -3.311017888631894834e+00 7.368496380267685816e-03 9.999479576809113812e-01 7.056004681889326523e-03 -7.183075545813358831e-01 7.400485032262320295e-02 -7.582152596832371708e-03 9.972290570520160324e-01 5.402346554395195710e+01
9.971117824267365926e-01 -6.825486443559730144e-03 -7.564064360867520098e-02 -3.373179409314773114e+00 7.390602523246075396e-03 9.999468135268714253e-01 7.193686334646623264e-03 -7.105621106825050770e-01 7.558750999519038560e-02 -7.731939908574379967e-03 9.971091938908930308e-01 5.501255707058756883e+01
9.970239573816475076e-01 -1.007616556038012229e-02 -7.643101597862488050e-02 -3.456509354575658222e+00 1.087390487031112719e-02 9.998905884324997828e-01 1.002842770590935996e-02 -7.077136129407008980e-01 7.632159519301363881e-02 -1.082968710372819374e-02 9.970244385521707109e-01 5.595099827067534903e+01
9.969235206896454038e-01 -1.251164446518419036e-02 -7.737540685718531652e-02 -3.522901466363541179e+00 1.371776700427510855e-02 9.997922448610647717e-01 1.507613938585957575e-02 -7.194594967206821012e-01 7.717069405112554625e-02 -1.609117701908506157e-02 9.968880363758705343e-01 5.690360066147341200e+01
9.969511068544107957e-01 -1.027072236875659073e-02 -7.734987869164181018e-02 -3.621650066218008224e+00 1.173123379058361657e-02 9.997609361746730983e-01 1.845125069906100590e-02 -7.309606614259434032e-01 7.714186909174677864e-02 -1.930240583997902895e-02 9.968332599951359452e-01 5.784778148333153069e+01
9.967625006685133515e-01 -1.171261987350941114e-02 -7.954453331760792667e-02 -3.669256372236553432e+00 1.292484413782101285e-02 9.998077945626823171e-01 1.474185652287826956e-02 -7.185428089626266779e-01 7.935656800048271342e-02 -1.572223169579094193e-02 9.967223011268988575e-01 5.876488062794366840e+01
9.967114551833148317e-01 -7.856688257652589061e-03 -8.065078149280723030e-02 -3.786825716117867557e+00 8.458190401004976600e-03 9.999388861427351838e-01 7.119199689912888637e-03 -7.290874015990024271e-01 8.058990846236131766e-02 -7.777948122736961026e-03 9.967169955248831315e-01 5.966720446419503077e+01
9.966598620223364735e-01 -7.360034038574130542e-03 -8.133234502357110374e-02 -3.839395799420536548e+00 7.615099420439648548e-03 9.999670104365238066e-01 2.826359036602412583e-03 -7.698492389307671768e-01 8.130884889712773622e-02 -3.436272718795201075e-03 9.966830299049017627e-01 6.058568153145927937e+01
9.965524601790975989e-01 -2.344852631114223516e-03 -8.293188064253501079e-02 -3.913524425869289836e+00 2.593899106562502516e-03 9.999924441039662604e-01 2.895415444825120890e-03 -7.679276167322446334e-01 8.292445357490463298e-02 -3.100550501063859769e-03 9.965510125065928371e-01 6.153928122611313256e+01
9.963992764165195970e-01 -3.542446006240322371e-03 -8.471088551698068014e-02 -3.973908518907824483e+00 3.858345873518896109e-03 9.999861992498320085e-01 3.565737882277588474e-03 -7.478466626675476236e-01 8.469707364930838256e-02 -3.879742789830642555e-03 9.963991931998624763e-01 6.245044186837095879e+01
9.964274886657180641e-01 1.473452745991745251e-03 -8.443985942509600606e-02 -4.095338554510058238e+00 -9.405761327226927959e-04 9.999793952062561164e-01 6.350156444954450051e-03 -7.812474273258717128e-01 8.444746489078658325e-02 -6.248048761194058276e-03 9.964083432315268274e-01 6.331117866477846690e+01
9.963509136941366418e-01 3.531405606574827848e-04 -8.535064840940349840e-02 -4.183057184047981103e+00 2.037746674748400384e-04 9.999787484080618905e-01 6.516227275012881695e-03 -8.064983166998019870e-01 8.535112427004247493e-02 -6.509841759418610180e-03 9.963296675423432003e-01 6.416667104608926309e+01
9.961885372644034842e-01 3.557345488819379457e-03 -8.715356951795096008e-02 -4.241695796721898226e+00 -2.921263415842563840e-03 9.999681683757796202e-01 7.424854100322618097e-03 -8.147320637602258886e-01 8.717719636091660063e-02 -7.141956519260918637e-03 9.961672187564296621e-01 6.506302520973841297e+01
9.959937918317135486e-01 4.632533052163548964e-03 -8.930233754847551053e-02 -4.302059175812408931e+00 -4.018107973503879000e-03 9.999670134135575372e-01 7.058816641236016418e-03 -8.163158131439369747e-01 8.933207999465891946e-02 -6.671711584575528049e-03 9.959795512597900968e-01 6.589217463136635899e+01
9.959674571201538873e-01 5.038115008987705673e-03 -8.957367350179852583e-02 -4.417459865943419217e+00 -4.426856221348965045e-03 9.999655505962256052e-01 7.021435933938839809e-03 -8.212805407183175754e-01 8.960595053173683877e-02 -6.596592378739060160e-03 9.959554494909221845e-01 6.671967503648939157e+01
9.957573132370421964e-01 4.786758459787797577e-03 -9.189375042582342834e-02 -4.459781060688949417e+00 -4.127586945146529546e-03 9.999643821216338546e-01 7.361896036881028331e-03 -8.215273079177103366e-01 9.192570465980709482e-02 -6.951362860888353652e-03 9.957416040766282617e-01 6.752124072949810341e+01
9.957290608830237089e-01 5.685893705653535628e-03 -9.214830017338757062e-02 -4.570619125169466557e+00 -4.540429465199924929e-03 9.999098598734409427e-01 1.263553036609064810e-02 -8.678827110126344779e-01 9.221182583025258617e-02 -1.216317284099367041e-02 9.956651219686973864e-01 6.834651403010362003e+01
9.955116664900724999e-01 1.070077394777259154e-02 -9.403199824397592832e-02 -4.634208351419879968e+00 -9.184575741150309905e-03 9.998209821675384523e-01 1.654228406223571743e-02 -8.793916900894047650e-01 9.419216745162641014e-02 -1.560439395353058374e-02 9.954317340377634160e-01 6.912853916019409439e+01
9.953463435766675138e-01 1.279427677870862388e-02 -9.550897464985179386e-02 -4.705629014719018066e+00 -1.115169984029373319e-02 9.997809359048016598e-01 1.771213581021975278e-02 -8.758293477314748054e-01 9.571465319747800293e-02 -1.656462346313166897e-02 9.952709766799414659e-01 6.992562593741101296e+01
9.952570875190664967e-01 1.446493142238155886e-02 -9.619821703984043904e-02 -4.813717555306112672e+00 -1.317373888906235579e-02 9.998145947554201163e-01 1.404381247192154278e-02 -8.768193754149662400e-01 9.638351125275558540e-02 -1.270991465308060099e-02 9.952631186864402402e-01 7.067695742532012559e+01
9.950721509570952250e-01 1.417881461145006905e-02 -9.813448484929640503e-02 -4.897271440723478975e+00 -1.356598125405368213e-02 9.998841062772795274e-01 6.909277293865652425e-03 -8.873344437684348440e-01 9.822106388333615157e-02 -5.543939196293251950e-03 9.951491777070348155e-01 7.140145273005069271e+01
9.949329543878194793e-01 1.340744402690179776e-02 -9.964265284037630843e-02 -4.985203315643025768e+00 -1.331795019159143570e-02 9.999100901249814433e-01 1.563268967712398098e-03 -9.148242498703249570e-01 9.965464007838699401e-02 -2.283118492649106781e-04 9.950220596028762632e-01 7.210864689446529496e+01
9.948324518118364379e-01 1.338922863510602287e-02 -1.006435440261702202e-01 -5.026147325667146504e+00 -1.339801785360178119e-02 9.999100692592312045e-01 5.886001463975702773e-04 -9.222954959904395844e-01 1.006423605034956620e-01 7.628656306208912762e-04 9.949223747580687727e-01 7.282518282503519913e+01
9.947138769782665202e-01 1.710296122176185526e-02 -1.012511396849141293e-01 -5.095066459377245671e+00 -1.693917251842503094e-02 9.998534531266554115e-01 2.477219702122653109e-03 -9.170016396737006303e-01 1.012786558801582470e-01 -7.490142537768152038e-04 9.948578146173537862e-01 7.350685721189088895e+01
9.945892927567779873e-01 1.736514733330331642e-02 -1.024235912814728811e-01 -5.151891354891666275e+00 -1.682352157722064381e-02 9.998395629064262824e-01 6.149592425826373027e-03 -9.581286064058917029e-01 1.025139335884471120e-01 -4.393193543233291781e-03 9.947218664999827320e-01 7.414015632218455210e+01
9.945092613310183571e-01 1.552002209131677322e-02 -1.034913509214794580e-01 -5.214209428108436128e+00 -1.535270733408958428e-02 9.998792283355154575e-01 2.413099007747582670e-03 -9.583651348077839582e-01 1.035162895878275202e-01 -8.109768565498718653e-04 9.946274269825552405e-01 7.475123093507193062e+01
9.945951509234147725e-01 9.747889307385074892e-03 -1.033705279277752770e-01 -5.272718419976832216e+00 -1.000273902715029944e-02 9.999480752252531968e-01 -1.947311392629109310e-03 -9.873274764149911897e-01 1.033461644205800889e-01 2.970775220013627260e-03 9.946410122287169253e-01 7.535275517853274607e+01
9.947359721636903629e-01 4.850535837788817056e-03 -1.023563362151945905e-01 -5.336942035602196377e+00 -5.522539291470594976e-03 9.999650121972316619e-01 -6.282985677980187228e-03 -1.004556369672273464e+00 1.023222654410530091e-01 6.815179402493791970e-03 9.947279556638103371e-01 7.596781422422851904e+01
9.950726688016944266e-01 5.340645643121409193e-03 -9.900435743917901377e-02 -5.420594572371446596e+00 -6.045276075175731560e-03 9.999584801209283613e-01 -6.818550828662769958e-03 -1.019520033741341702e+00 9.896381807400334019e-02 7.383462935586405582e-03 9.950636390399121289e-01 7.656430606658659599e+01
9.954339030052493653e-01 1.147540952778791125e-02 -9.476107388103144347e-02 -5.505030843119380179e+00 -1.206597896771962469e-02 9.999111753915014278e-01 -5.661573269800459357e-03 -9.965744276113782663e-01 9.468767521998998349e-02 6.779107745333902597e-03 9.954839458912818628e-01 7.712175477681300606e+01
9.958841301853086359e-01 9.555565961058281807e-03 -9.013041478744819590e-02 -5.537997837423309200e+00 -9.826883930600232089e-03 9.999484200253061505e-01 -2.567021056402152106e-03 -1.013935567577730623e+00 9.010122445957888249e-02 3.442157022167777539e-03 9.959266638083253964e-01 7.769116230842841730e+01
9.963336182457251944e-01 6.469769890890737264e-03 -8.530805565730083251e-02 -5.547582968729095398e+00 -6.298338839163664452e-03 9.999775693603781823e-01 2.278527661187813077e-03 -1.038708372279905312e+00 8.532087226105218580e-02 -1.732874733036748405e-03 9.963520185097025639e-01 7.825075060119581849e+01
9.970787308428328277e-01 1.248586829351783093e-03 -7.637045525689763192e-02 -5.611289222234465690e+00 -8.511106053054002868e-04 9.999859251211202782e-01 5.236905273728704666e-03 -1.053058673690985714e+00 7.637590884184969342e-02 -5.156607515404853896e-03 9.970657596350861462e-01 7.876060211585858895e+01
9.978391376897352005e-01 2.504623972780905834e-03 -6.565655214901082448e-02 -5.641370323266027498e+00 -2.176586349840943860e-03 9.999847922826987645e-01 5.067314696362105846e-03 -1.051347932454404166e+00 6.566823657627240962e-02 -4.913458115653699179e-03 9.978294142510186759e-01 7.925393927182240361e+01
9.986592742954060187e-01 8.844555913572761316e-03 -5.100419742830599595e-02 -5.651987171231238172e+00 -8.599616985582068246e-03 9.999504231051711267e-01 5.019750606184668340e-03 -1.070768206785182031e+00 5.104605942573191973e-02 -4.574404258178374309e-03 9.986858235728032218e-01 7.976262283225962335e+01
9.993496870327032156e-01 1.468224512997240959e-02 -3.293379684520622575e-02 -5.662898422306335000e+00 -1.452786991418744157e-02 9.998823516575352510e-01 4.921765535597030089e-03 -1.061386485501043975e+00 3.300218039342466686e-02 -4.440107254150209119e-03 9.994454168844626452e-01 8.027479756517330145e+01
9.998595459139104635e-01 1.291747512685155995e-02 -1.067835998963483600e-02 -5.667759544424115781e+00 -1.286521016169659207e-02 9.999049947830506158e-01 4.948507315198429415e-03 -1.055972819787979855e+00 1.074126627852496109e-02 -4.810433305593424073e-03 9.999307400465335949e-01 8.070727875340466539e+01
9.998509882740683752e-01 6.902460498270914131e-03 1.582268364750481771e-02 -5.660345883521367583e+00 -7.006998621143093950e-03 9.999539261801522194e-01 6.561057359498213663e-03 -1.069908494029944590e+00 -1.577666508109945576e-02 -6.670949762191730539e-03 9.998532868628103865e-01 8.119471952288654393e+01
9.989906083613717680e-01 6.725827767314840333e-03 4.441314966633940625e-02 -5.599882640141083279e+00 -7.139383292846694824e-03 9.999325636998319666e-01 9.159544012657462250e-03 -1.098862900562281641e+00 -4.434854314930751495e-02 -9.467381754204060723e-03 9.989712584448809940e-01 8.166795229353765251e+01
9.969636841051597864e-01 6.370396438971754303e-03 7.760690259801844570e-02 -5.552377896782003219e+00 -7.212722271492866787e-03 9.999180346924551044e-01 1.057830430773997431e-02 -1.106179001818715424e+00 -7.753314314254582118e-02 -1.110594324493814448e-02 9.969279156714804246e-01 8.209091757312245363e+01
9.933077818914883839e-01 6.032905777954883537e-03 1.153397420833488229e-01 -5.478694106492190130e+00 -7.244016943559311236e-03 9.999229144433910976e-01 1.008411508613140176e-02 -1.097146826269620901e+00 -1.152699990907554012e-01 -1.085215402709471463e-02 9.932749148412574058e-01 8.254643728655209145e+01
9.876769456917551260e-01 5.760651842200784252e-03 1.564003481238936399e-01 -5.390408328329274745e+00 -7.413083733825984352e-03 9.999226783113125405e-01 9.984166211206058766e-03 -1.097551598441104392e+00 -1.563307187274241561e-01 -1.102054071416674712e-02 9.876432812630134839e-01 8.298449048100555103e+01
9.795595193698207748e-01 5.348677632726847944e-03 2.010834274274807820e-01 -5.267362045670871851e+00 -7.626201788002885153e-03 9.999152307368410764e-01 1.055331097489277566e-02 -1.113828350470978501e+00 -2.010099085349626724e-01 -1.187110018662611635e-02 9.795172732213225375e-01 8.338717739054473554e+01
9.682144214777467228e-01 6.927562192922470490e-03 2.500257005734526916e-01 -5.142841234971470499e+00 -9.311657230883079242e-03 9.999217505258628513e-01 8.353791986064312836e-03 -1.113877284380872412e+00 -2.499482312775697379e-01 -1.041641659857012008e-02 9.682031666691407468e-01 8.381572457989641123e+01
9.531504089407196734e-01 8.243602837450880391e-03 3.023844453389727960e-01 -4.973414081400659548e+00 -1.066517818591230550e-02 9.999229120516928138e-01 6.357978779053780061e-03 -1.132265998203116242e+00 -3.023086819671463310e-01 -9.285095132335947909e-03 9.531648524863268745e-01 8.420601563858879501e+01
9.333384664619719384e-01 7.791153776362069565e-03 3.589131116504896690e-01 -4.823128684429406121e+00 -1.014818585197885953e-02 9.999375368550589283e-01 4.683660896471298317e-03 -1.140584094073838095e+00 -3.588541535831473173e-01 -8.013758875400234238e-03 9.333592338366729635e-01 8.458406013566934689e+01
9.093175545735781018e-01 7.195116344482736272e-03 4.160406685377426861e-01 -4.661269104917662887e+00 -9.477162192596770909e-03 9.999492410291586086e-01 3.420340857128693988e-03 -1.142359229784075891e+00 -4.159948852285490495e-01 -7.053061910075203791e-03 9.093395884814281516e-01 8.491077464912534367e+01
8.806850670561202632e-01 6.587337437358712147e-03 4.736564673777755030e-01 -4.440617047690632369e+00 -8.660362701953654499e-03 9.999600878291579065e-01 2.195640894795765265e-03 -1.152591915641245857e+00 -4.736230358053191702e-01 -6.035705980760519389e-03 8.807069664744088255e-01 8.526625615220812904e+01
8.483428232179661688e-01 5.828853856898643347e-03 5.294152582226175907e-01 -4.107783668794350973e+00 -6.907752303113910350e-03 9.999761394210259224e-01 5.936543639474050553e-05 -1.168846580938005975e+00 -5.294022090715143625e-01 -3.707432631405367749e-03 8.483628463778565276e-01 8.557950680417206968e+01
8.121407092068594347e-01 5.735588803832084893e-03 5.834334721029363902e-01 -3.850561895029080972e+00 -5.133508761980308012e-03 9.999832195128540713e-01 -2.684727126454217790e-03 -1.154980786308203555e+00 -5.834390020879708372e-01 -8.146854160290776126e-04 8.121565257085550105e-01 8.582776033748430677e+01
7.728708435378082164e-01 5.372145921202186626e-03 6.345406625844484116e-01 -3.529898526914348356e+00 -4.023153886382125483e-03 9.999855492929318190e-01 -3.565868665959810984e-03 -1.153273065917126416e+00 -6.345505643313297250e-01 2.031004222463906608e-04 7.728812889830111166e-01 8.611688701184488082e+01
7.306837714160855368e-01 5.766030164186289678e-03 6.826917611861609281e-01 -3.241058275564273838e+00 -6.363362621812978723e-03 9.999784167177229177e-01 -1.635142597908798229e-03 -1.154815999167475793e+00 -6.826863632286259698e-01 -3.149444202574353067e-03 7.307046932792266025e-01 8.636344297362026623e+01
6.860649290444890136e-01 4.917842622136460798e-03 7.275237440351770557e-01 -2.913375161106250388e+00 -5.769226848529898817e-03 9.999824878089228486e-01 -1.319119715564928599e-03 -1.166658685470727930e+00 -7.275173932050357228e-01 -3.292248966859493298e-03 6.860812878407958060e-01 8.659296527808193389e+01
6.396113364732456397e-01 3.057865774491365461e-03 7.686924392419357543e-01 -2.580598831993226039e+00 -1.897813523676176138e-03 9.999953218653107045e-01 -2.398862634975211169e-03 -1.165425239965398152e+00 -7.686960755579060889e-01 7.550379685699583289e-05 6.396141487604376508e-01 8.681748718024363143e+01
5.932278646352915352e-01 -5.958337686414669210e-04 8.050344289003328324e-01 -2.271076112988609008e+00 3.819750313211221944e-03 9.999905526496941643e-01 -2.074636862703321035e-03 -1.201140546766647832e+00 -8.050254794144874326e-01 4.305762140620118285e-03 5.932245374174553998e-01 8.696782998719652369e+01
5.464553048539505520e-01 7.148759736095635373e-04 8.374880190437495875e-01 -1.915261038600440502e+00 2.899155901948287373e-03 9.999920291659966098e-01 -2.745268081862933460e-03 -1.200533384713996732e+00 -8.374831938358989758e-01 3.928173767485474560e-03 5.464488779414496955e-01 8.718696768527287588e+01
4.997124417555717790e-01 4.458874216483645937e-03 8.661799431371188795e-01 -1.585311758980726404e+00 5.746019560373369936e-05 9.999865777762922958e-01 -5.180825536589417010e-03 -1.187067700728978492e+00 -8.661913016198219406e-01 2.638692801465228593e-03 4.997054796709753943e-01 8.732824864024499334e+01
4.535842579716654055e-01 6.062945603913581609e-03 8.911928340450555597e-01 -1.259869355784929867e+00 -1.677436422694316212e-03 9.999808958500384648e-01 -5.949296069679577831e-03 -1.202698751423825874e+00 -8.912117593620778599e-01 1.203586492968927160e-03 4.535857642499765974e-01 8.746442306251582011e+01
4.111429178348618430e-01 4.259676941028411011e-03 9.115610056756476842e-01 -8.698748650390005777e-01 5.115077232734118427e-03 9.999625582408417923e-01 -6.979834314271987639e-03 -1.200211869003381393e+00 -9.115564848814790011e-01 7.532413618005294464e-03 4.111057367978451782e-01 8.758556520493108621e+01
3.713544887314698673e-01 -6.071758304469096652e-03 9.284713740595429421e-01 -5.538872597531153685e-01 2.039757558660311443e-02 9.997906350974693490e-01 -1.620131080204759849e-03 -1.252104722305110940e+00 -9.282670232752804340e-01 1.954020812761531403e-02 3.714005907708423648e-01 8.764664124288665903e+01
3.370849593229879870e-01 -7.750347468151720827e-03 9.414423936735458742e-01 -1.434749355573547991e-01 2.595336295271518171e-02 9.996625895129976902e-01 -1.063004351184586608e-03 -1.226446247381951515e+00 -9.411163763412782046e-01 2.479191945015267809e-02 3.371723724153317114e-01 8.771957857247565471e+01
3.024987324379047049e-01 -5.665051903145448993e-03 9.531330155690593831e-01 1.923737319140019775e-01 2.340319756706082596e-02 9.997250038632292668e-01 -1.485568801491779240e-03 -1.244127390606175609e+00 -9.528623641297709890e-01 2.275574327026820207e-02 3.025481283127086085e-01 8.784790058599223528e+01
2.726956715235928086e-01 4.429388663962120776e-03 9.620902114239577863e-01 5.826627941266597777e-01 1.226043189280986642e-02 9.998922037298646481e-01 -8.078533174427625710e-03 -1.217519910483746637e+00 -9.620221557019845715e-01 1.399862211396301313e-02 2.726119712701263187e-01 8.790863583126936476e+01
2.433768679148135550e-01 7.533072427242182637e-03 9.699026130148445946e-01 9.319072265605100602e-01 6.371266483514317555e-03 9.999358491299783491e-01 -9.365071546758828303e-03 -1.242610007445491105e+00 -9.699108106734545265e-01 8.458748877552374826e-03 2.433132614141549077e-01 8.801263398941790683e+01
2.167865785130227430e-01 8.173236383009449199e-03 9.761848723544044315e-01 1.292688470604672624e+00 7.648128760065269101e-03 9.999200431512588194e-01 -1.007042222274205298e-02 -1.276548895530971395e+00 -9.761889967810170043e-01 9.649119127408567476e-03 2.167067365379378441e-01 8.812525608723504433e+01
1.941279249376352267e-01 9.037820063348198443e-03 9.809346539307639556e-01 1.693502608045637903e+00 1.501749351082420567e-02 9.998129982764725199e-01 -1.218373129026425507e-02 -1.289273489809064088e+00 -9.808612003567326321e-01 1.709638200912299774e-02 1.939558988546558616e-01 8.814990700105964549e+01
1.740643599178738343e-01 1.422291146489805189e-02 9.846316251023834454e-01 2.122702672962540227e+00 2.274819761893381517e-02 9.995707788357012236e-01 -1.846015893547655121e-02 -1.299551017423151267e+00 -9.844714256178145328e-01 2.561185095255008246e-02 1.736661038080504482e-01 8.817389056002933501e+01
1.551084234466896250e-01 2.114530270449083149e-02 9.876711921512736359e-01 2.544085505568340899e+00 2.368027038667931336e-02 9.994040542900406443e-01 -2.511535155605601824e-02 -1.294924573844459026e+00 -9.876135330725529515e-01 2.728392400196436723e-02 1.545152623729489638e-01 8.822066895384232055e+01
1.379490909274301846e-01 2.360500348333273088e-02 9.901580598536235955e-01 2.992988095662464154e+00 2.329220123305577456e-02 9.993621542529450563e-01 -2.706949981924468285e-02 -1.294872683255913426e+00 -9.901653346616423601e-01 2.679717415194157390e-02 1.373112898119022429e-01 8.827568998094557173e+01
1.221838862388349295e-01 1.937558446819982391e-02 9.923184048427213799e-01 3.417890653219262109e+00 2.082853627771051944e-02 9.995391904344328449e-01 -2.208118481375944547e-02 -1.314338215908632534e+00 -9.922888378852077196e-01 2.336650504338005224e-02 1.217240192830245926e-01 8.830960744740703205e+01
1.072083512188326954e-01 1.523379792902601788e-02 9.941199289882544088e-01 3.904923186754131414e+00 1.891146844434694191e-02 9.996704683325011720e-01 -1.735831222038309099e-02 -1.342538452911000491e+00 -9.940566347687908033e-01 2.066122363475373508e-02 1.068849307904573831e-01 8.835151630310150495e+01
9.445825713949362878e-02 1.445601957621246540e-02 9.954239267260986956e-01 4.420605407268459963e+00 2.267756696811652414e-02 9.996038634670230127e-01 -1.666865238841614555e-02 -1.340532490392607023e+00 -9.952704319037259939e-01 2.414828481928831677e-02 9.409301303291636720e-02 8.841023116211867716e+01
