1.000000000000000000e+00 1.340647807916491148e-19 -4.035537943246326386e-21 1.734723475976807094e-18 -6.058368000060349672e-19 1.000000000000000000e+00 -6.966187348603874941e-19 0.000000000000000000e+00 -7.959587449556990010e-20 -1.678459064301256428e-19 9.999999999999998890e-01 0.000000000000000000e+00
9.999928319118924769e-01 -1.066094204724279699e-03 -3.633121776159282685e-03 4.598951768353064240e-02 1.060574146389501758e-03 9.999982810284019363e-01 -1.520894858621768151e-03 -1.915436318210315264e-02 3.634736461226477540e-03 1.517030888235264795e-03 9.999922436218350308e-01 6.977795352157682984e-01
9.999648371587341877e-01 8.968888579850025798e-04 -8.337869075567458030e-03 6.010522408147517259e-02 -9.159949899989912585e-04 9.999969630536470477e-01 -2.287975063233940905e-03 -3.614238007870625158e-02 8.335790580195474170e-03 2.295532253801863508e-03 9.999626218562407409e-01 1.441976555383019276e+00
9.999220228075484940e-01 1.223027351404218236e-03 -1.242789408357766572e-02 6.274737123929298444e-02 -1.250021320325946789e-03 9.999968761156570185e-01 -2.164531910650609528e-03 -5.986850494751898288e-02 1.242520631626055361e-02 2.179898449465088404e-03 9.999204279617390778e-01 2.174636765292772722e+00
9.998416216506295084e-01 1.952666785650513000e-03 -1.768951049533610750e-02 5.758777306802644741e-02 -1.994054003070696354e-03 9.999953152397322853e-01 -2.322334551297944045e-03 -7.525083848918313889e-02 1.768489051228342226e-02 2.357240793061746078e-03 9.998408313320494845e-01 2.907718913089802903e+00
9.997735791481432432e-01 1.610876279278680061e-03 -2.121781355658571358e-02 1.196533153320388648e-02 -1.652331358389009814e-03 9.999967600383641297e-01 -1.936415807974729581e-03 -1.004270207759075384e-01 2.121462264519467789e-02 1.971036403011249168e-03 9.997730015918597779e-01 3.617992861177576458e+00
9.996557565016213065e-01 2.726038466120081841e-03 -2.609477622491968365e-02 -1.100505796164542339e-02 -2.810502805812388483e-03 9.999909281752650259e-01 -3.200722926926097538e-03 -1.038590781124233420e-01 2.608581071304419061e-02 3.272960833583430686e-03 9.996543493037702843e-01 4.370345802817990233e+00
9.995061815658021764e-01 5.337778856912368808e-03 -3.096613184348720460e-02 -3.386695786130144992e-02 -5.440134097428621709e-03 9.999800112260542884e-01 -3.222121352954435310e-03 -1.320601382111133426e-01 3.094830975735650067e-02 3.388990428419221684e-03 9.995152408531065014e-01 5.123545044199350862e+00
9.993736711709398923e-01 4.336847706897573040e-03 -3.512061153385199336e-02 -9.185702276303685243e-02 -4.458281966075942904e-03 9.999843492363567066e-01 -3.380086444799397863e-03 -1.046214965776127853e-01 3.510539825137599240e-02 3.534547311615709661e-03 9.993773650511421636e-01 5.937723171581963832e+00
9.992126753552817986e-01 3.863824194611768185e-03 -3.948544735729163369e-02 -1.262904537124266424e-01 -3.940700071327710337e-03 9.999904882157523156e-01 -1.869317148828815705e-03 -1.090412314471485011e-01 3.947784378153230966e-02 2.023445897630855948e-03 9.992183971736882109e-01 6.762596093788740603e+00
9.990491955871171337e-01 2.317858304930473130e-03 -4.353541842475343315e-02 -1.539974757921601378e-01 -2.340308619490203204e-03 9.999971534838023590e-01 -4.647295652640682888e-04 -1.005476319095946480e-01 4.353421149073137542e-02 5.661740993313921959e-04 9.990517762134516477e-01 7.574840032798884515e+00
9.989638515884078362e-01 3.800371875399054331e-03 -4.535174472963002940e-02 -2.153416525367043699e-01 -3.829902254824151843e-03 9.999925066822014097e-01 -5.642845317793058861e-04 -1.109120158661407174e-01 4.534925432939972828e-02 7.373927013787653049e-04 9.989709210172962317e-01 8.367141907345182261e+00
9.988770546622540714e-01 2.999432259934796570e-03 -4.728248572789634646e-02 -2.756153371762464777e-01 -3.004401315819900473e-03 9.999954861931927841e-01 -3.403831535446534833e-05 -1.336983805396538272e-01 4.728216387373949253e-02 1.760557122991147862e-04 9.988815573479865595e-01 9.188240282291090466e+00
9.988194232071353484e-01 2.304399133359353018e-03 -4.852267476072111979e-02 -3.228467798462102412e-01 -2.325764792828444952e-03 9.999972217211497982e-01 -3.838776203747955047e-04 -1.525545032633305043e-01 4.852164884289054958e-02 4.962768364557154860e-04 9.988220076228878641e-01 1.003591761864354659e+01
9.986308946466921910e-01 2.100370699456541573e-03 -5.226782139271465843e-02 -3.202542290182138207e-01 -2.102817403639028332e-03 9.999977890412916626e-01 8.173866554420274253e-06 -1.572978837237060667e-01 5.226771599512505112e-02 1.017470639806941694e-04 9.986331033286461878e-01 1.090555459325612553e+01
9.984665635473028988e-01 1.583682735232350364e-03 -5.533546717868464276e-02 -3.151971509415323891e-01 -1.562412405330770035e-03 9.999986879923334904e-01 4.276430874609094576e-04 -1.805898025122082418e-01 5.533606441315138541e-02 -3.405304824492638282e-04 9.984677278289378899e-01 1.178249699061625932e+01
9.983952152641329958e-01 3.144142525340359699e-03 -5.654298391939775043e-02 -3.920483386079651744e-01 -3.238596842826173272e-03 9.999935091890992389e-01 -1.578942301911829800e-03 -1.877507212976647077e-01 5.653764491646173784e-02 1.759528563865664450e-03 9.983989173936724804e-01 1.262585996532745725e+01
9.982659699925537922e-01 5.296970600016369726e-03 -5.862589722336171427e-02 -4.318033664344641531e-01 -5.571997808968548807e-03 9.999742212212904269e-01 -4.528764289177347226e-03 -1.859745997169012510e-01 5.860038934312289394e-02 4.847575098298959051e-03 9.982697505403277383e-01 1.351328013359612967e+01
9.981285885167776595e-01 7.919485761242586741e-03 -6.063499934704272981e-02 -4.869238771160859791e-01 -8.239254963421809019e-03 9.999534284506834680e-01 -5.025491614679504331e-03 -2.218633242997476995e-01 6.059236806319990426e-02 5.515674581131781509e-03 9.981473546990833334e-01 1.441158645892288348e+01
9.980261418582386801e-01 9.442036632478140179e-03 -6.208597878079202131e-02 -5.332484513552048222e-01 -9.784624789771437930e-03 9.999385239117875024e-01 -5.216269176297558090e-03 -2.232455916297361176e-01 6.203290147303805457e-02 5.813461544613899787e-03 9.980571738137279381e-01 1.528919673331528628e+01
9.979431242951858350e-01 9.354624135765605975e-03 -6.341933737133370608e-02 -5.831206864202540530e-01 -9.668920145932456342e-03 9.999424394839478980e-01 -4.650769147162007316e-03 -2.344030121143921286e-01 6.337217224410644778e-02 5.254400093753496502e-03 9.979761311974266746e-01 1.618642070693682555e+01
9.978753139752933876e-01 9.045194693287531007e-03 -6.452164678555369348e-02 -6.467233224604641562e-01 -9.351263557315043357e-03 9.999464041528743907e-01 -4.443269698741688332e-03 -2.412929825873806888e-01 6.447798982488095465e-02 5.037188544750147504e-03 9.979064159095580866e-01 1.708262961531676893e+01
9.978067478665616497e-01 9.253794424921019460e-03 -6.554435073695608072e-02 -7.138876538347953549e-01 -9.541689561210367140e-03 9.999461504728243133e-01 -4.080719146591692791e-03 -2.575874519051109535e-01 6.550305030220084090e-02 4.697173395823420715e-03 9.978413131838692607e-01 1.798170533550836581e+01
9.977501069868603967e-01 8.351334915058782407e-03 -6.652052269454614142e-02 -7.928500975042780397e-01 -8.637814244008444262e-03 9.999546120166323826e-01 -4.020202847083663260e-03 -2.717790190301644926e-01 6.648392050293322475e-02 4.585750178188874662e-03 9.977769583047970681e-01 1.888768756921270509e+01
9.977165194825209360e-01 6.300429188209851102e-03 -6.724620490942172235e-02 -8.840086892878749047e-01 -6.571262930336046505e-03 9.999711619072489954e-01 -3.807075988826955255e-03 -3.033328986392869187e-01 6.722027044457253020e-02 4.240275508155349343e-03 9.977291489195675434e-01 1.978364740361222118e+01
9.976636028784316990e-01 7.409295264595707961e-03 -6.791493638778525743e-02 -9.398204463196463410e-01 -7.677980959189379881e-03 9.999636932100853803e-01 -3.696056704353222096e-03 -3.022554109352474927e-01 6.788507635109794491e-02 4.208871245048479218e-03 9.976842692441706406e-01 2.071167370068219427e+01
9.977179321034223003e-01 6.840936673853020844e-03 -6.717239222078377758e-02 -1.034991645804188343e+00 -6.746432323627679466e-03 9.999759081735291044e-01 1.633617035818549050e-03 -3.553883606840143039e-01 6.718194038646507771e-02 -1.176715045989874505e-03 9.977400470635882090e-01 2.167018074855363707e+01
9.977754030215414405e-01 6.795814059975298013e-03 -6.631789164023597916e-02 -1.095460265455224125e+00 -6.426770790141009097e-03 9.999626636410421376e-01 5.776498032345307558e-03 -3.651173274516307243e-01 6.635466268565984316e-02 -5.337438137964021188e-03 9.977818247444968369e-01 2.260188506733369351e+01
9.979302209245596300e-01 8.782446016052880555e-03 -6.370355942104634350e-02 -1.204154674866945163e+00 -8.356670256846230119e-03 9.999409505210722360e-01 6.947050680790026536e-03 -3.580047549124378281e-01 6.376080131275238538e-02 -6.400322642479681391e-03 9.979446855565806684e-01 2.355517211968367874e+01
9.979886791091558962e-01 7.616677538338379599e-03 -6.293316493225889485e-02 -1.239196413473643954e+00 -7.173624842603693388e-03 9.999478926986326011e-01 7.262987018530489038e-03 -3.483205166715873657e-01 6.298519704352101289e-02 -6.796920401753058470e-03 9.979913156861834889e-01 2.447447400741003776e+01
9.981033208105343224e-01 9.616700289912955349e-03 -6.080526860250862892e-02 -1.316810808812819422e+00 -9.262884669531904619e-03 9.999385047306391661e-01 6.098007768502613016e-03 -3.851564678769444083e-01 6.086016392579909895e-02 -5.523210005751064307e-03 9.981310204561120170e-01 2.543195980196697192e+01
9.981486808011653666e-01 8.230342055372643836e-03 -6.026170504182620791e-02 -1.385111812423261313e+00 -8.154145253707901705e-03 9.999656139815448208e-01 1.510213110513425284e-03 -3.885455655571812827e-01 6.027205438052910674e-02 -1.016034552596483190e-03 9.981814697491581123e-01 2.638025239841666902e+01
9.981850531608862376e-01 5.873901759596272115e-03 -5.993410979944001349e-02 -1.416244583289895553e+00 -6.056303217104651825e-03 9.999775642753701010e-01 -2.862186607586822071e-03 -3.795321759729952671e-01 5.991594490907918569e-02 3.219971352805000350e-03 9.981982321974275374e-01 2.737311108130238679e+01
9.982354461479896468e-01 4.743384921579715981e-03 -5.919032800078583012e-02 -1.477657840282198931e+00 -4.875816404902440400e-03 9.999859224122082946e-01 -2.093173059995216082e-03 -3.907454145708307847e-01 5.917955809277949258e-02 2.378080965034854843e-03 9.982445211858501644e-01 2.833225271951711832e+01
9.982437927605342098e-01 1.273525448810257366e-03 -5.922591420972667109e-02 -1.515936915138318408e+00 -1.067800664698807973e-03 9.999932871013667013e-01 3.505075995094985002e-03 -4.106635387141813198e-01 5.922997249452157525e-02 -3.435679113876809101e-03 9.982384514220806748e-01 2.931224915049084956e+01
9.982078473604583113e-01 -1.597296893143461969e-03 -5.982092177894536567e-02 -1.581164624227298310e+00 2.060918515998350509e-03 9.999683133742045538e-01 7.689270155266057609e-03 -4.354902460039833390e-01 5.980673618305561157e-02 -7.798776442857966763e-03 9.981795093109130379e-01 3.026724005728707567e+01
9.980831417893797353e-01 -8.417231509148104598e-03 -6.131225726897907014e-02 -1.607639837820974416e+00 8.861956788688004488e-03 9.999363346009000342e-01 6.985161082370750993e-03 -4.477579502940494116e-01 6.124954985639450428e-02 -7.515118662527112484e-03 9.980941914586354269e-01 3.127573800527752468e+01
9.979704189830309602e-01 -1.142369516640619025e-02 -6.264617033481929831e-02 -1.672881272402570563e+00 1.170346749825667242e-02 9.999231031343317477e-01 4.100812682516480519e-03 -4.698244976545584706e-01 6.259449820063002490e-02 -4.825667519454862435e-03 9.980273749231687308e-01 3.225916639510017347e+01
9.978435224410787674e-01 -1.165726883303021440e-02 -6.459422169886024079e-02 -1.733706384718411542e+00 1.168065223005118787e-02 9.999317787286123860e-01 -1.560220053911532336e-05 -4.816850332850581839e-01 6.458998820813208197e-02 -7.389340991576797985e-04 9.979116126878215809e-01 3.326934358003685333e+01
9.977775107448291214e-01 -8.500636052257355343e-03 -6.608917407364317542e-02 -1.807461859806937410e+00 8.403443595774788902e-03 9.999631618388634680e-01 -1.748455601005625146e-03 -4.846060209153955078e-01 6.610159358724237988e-02 1.189193177947554542e-03 9.978121889702501468e-01 3.425186413296621168e+01
9.976948748154909064e-01 -1.090768000037163968e-02 -6.697730957916636640e-02 -1.870073118064226714e+00 1.086583430580287911e-02 9.999404759779887408e-01 -9.890083887965678451e-04 -4.831292738576643542e-01 6.698410161829081166e-02 2.589643225807009030e-04 9.977540089428241776e-01 3.525574241705118084e+01
9.976476212728973003e-01 -8.061433626094863247e-03 -6.807523621417303772e-02 -1.946684021810048515e+00 8.240086202844972355e-03 9.999633027163675747e-01 2.343971867667297201e-03 -5.144599626138124382e-01 6.805383313166271653e-02 -2.899403958119686937e-03 9.976774371105165962e-01 3.624440516667237233e+01
9.975663126601390651e-01 -6.078093293333992203e-03 -6.945868830937708405e-02 -2.016010709511838250e+00 6.362258838828408619e-03 9.999722694021677682e-01 3.870671534751526054e-03 -5.337169063530560198e-01 6.943322655883360506e-02 -4.303165981600450517e-03 9.975773198349550119e-01 3.726290529694677645e+01
9.974573725826806347e-01 -6.921086524960259195e-03 -7.092876163326612693e-02 -2.074035171978724446e+00 7.295125812364839854e-03 9.999608107616868580e-01 5.015784038400381527e-03 -5.100857098777803467e-01 7.089125779946679751e-02 -5.520465404836589172e-03 9.974687730625733106e-01 3.826497467435301303e+01
9.974764858074076646e-01 -6.927965192118755271e-03 -7.065878812376845397e-02 -2.158090405356194452e+00 7.509027203080482701e-03 9.999401150408524508e-01 7.961209343907317895e-03 -5.231422931714660995e-01 7.059939226586738059e-02 -8.471698519702346858e-03 9.974687741201204716e-01 3.927469861513830551e+01
9.974714203780000732e-01 -2.389221922920529029e-03 -7.102857124510832121e-02 -2.252176270689884241e+00 3.183701478454342704e-03 9.999336102449373209e-01 1.107425675694922312e-02 -5.458837799254384615e-01 7.099738728907638297e-02 -1.127238924800727862e-02 9.974128049298575105e-01 4.028976376660038738e+01
9.974681305585478830e-01 -1.437623636105218265e-03 -7.110036952077872230e-02 -2.328623100125684964e+00 2.203313263723191435e-03 9.999404126884254840e-01 1.069188934650010941e-02 -5.506651217065069437e-01 7.108075238870242840e-02 -1.082147609182775548e-02 9.974118615159639489e-01 4.127166809782511336e+01
9.974890586360961597e-01 -1.295256467165604216e-03 -7.080890476331969108e-02 -2.394283347539353901e+00 1.996584732274501919e-03 9.999496454162426495e-01 9.834647708077903783e-03 -5.704244597481760159e-01 7.079259131957968409e-02 -9.951330217430566158e-03 9.974414164476710365e-01 4.228120126982771154e+01
9.975063974453400872e-01 1.314017200845192317e-04 -7.057599144345184927e-02 -2.477641337425258161e+00 3.940937295745320637e-04 9.999723058713823054e-01 7.431836330912559331e-03 -5.688631166021353991e-01 7.057500399214643172e-02 -7.441118389068955043e-03 9.974787204641323290e-01 4.325856670716787988e+01
9.974282674223172718e-01 -4.516619706640743028e-04 -7.167041334516009721e-02 -2.549963304098007644e+00 9.828434787923295227e-04 9.999723113007132902e-01 7.376358334300944959e-03 -5.793805752521283825e-01 7.166508765061260777e-02 -7.427829658656076237e-03 9.974010937161807977e-01 4.423942055007219665e+01
9.973379464463474342e-01 -9.010504837489647419e-04 -7.291234128944669435e-02 -2.620466326168533477e+00 1.497422218841385107e-03 9.999658700456396376e-01 8.125052824472659210e-03 -5.886083157705988000e-01 7.290252193123719637e-02 -8.212604669181991154e-03 9.973052564694911970e-01 4.524461163200176372e+01
9.972687566978295504e-01 -2.522587082069817268e-03 -7.381506833027921821e-02 -2.693055585131400420e+00 3.161720762026858957e-03 9.999585093095287869e-01 8.543020288263598883e-03 -5.772743664466558622e-01 7.379044527781154772e-02 -8.753070510776147020e-03 9.972353549108418092e-01 4.623951300634958272e+01
9.972565771080140751e-01 5.344410573546514928e-04 -7.402050148068596569e-02 -2.794467277930522187e+00 -2.206263623681637464e-05 9.999760371705137540e-01 6.922760123676435437e-03 -6.141485253072276329e-01 7.402241761927316754e-02 -6.902135478956646260e-03 9.972326916793313734e-01 4.722214797927271235e+01
9.971854000764757142e-01 3.310527772011248072e-03 -7.490206377582099562e-02 -2.857504811535612976e+00 -3.174886770011103518e-03 9.999930977620066219e-01 1.929901043254533127e-03 -6.100744163476679027e-01 7.490792573600238424e-02 -1.686663644101093779e-03 9.971890276944992415e-01 4.824503173233196662e+01
9.971459357067963269e-01 3.226238039374725898e-03 -7.542927270236109150e-02 -2.930622933760635984e+00 -3.189240220672726056e-03 9.999947277344792829e-01 6.109364658674728199e-04 -6.324182046314585914e-01 7.543083593782039242e-02 -3.686307068675013805e-04 9.971509676167100711e-01 4.921824537318023118e+01
9.971404237511863888e-01 3.121234372366566475e-03 -7.550651698722242455e-02 -3.012745796077114235e+00 -2.902420578519389251e-03 9.999912654177797178e-01 3.007497492810408835e-03 -6.257595483677379500e-01 7.551523445229857412e-02 -2.779745816315805449e-03 9.971407731560926191e-01 5.015948466904818304e+01
9.971783364658398652e-01 -8.070695762006231786e-05 -7.506903251693651524e-02 -3.128425125866362677e+00 6.275015390338851626e-04 9.999734465441650899e-01 7.260334667046643847e-03 -6.665933544318147774e-01 7.506644314625368630e-02 -7.286954911314893341e-03 9.971519084457463045e-01 5.112315478731962060e+01
9.971166090182744801e-01 -1.364609744091277660e-03 -7.587230554944249250e-02 -3.175720149073673060e+00 1.947911599690431298e-03 9.999691122252095665e-01 7.614476270327154989e-03 -6.667973632137961237e-01 7.585956105730287669e-02 -7.740313872070086684e-03 9.970884683091895129e-01 5.209614481832885247e+01
9.970890701264150113e-01 -1.700015146794409343e-03 -7.622661660891112689e-02 -3.231324204468466466e+00 2.263615789892120533e-03 9.999707344001029785e-01 7.307968244339811160e-03 -6.967118485040124654e-01 7.621195191030356864e-02 -7.459243581077712806e-03 9.970637377628039921e-01 5.307011174966948630e+01
9.970508387168890430e-01 -6.429383153778828533e-03 -7.647410639543314459e-02 -3.310006831411413941e+00 6.969147651568642979e-03 9.999526393925691758e-01 6.793376506462633392e-03 -7.322470498925625071e-01 7.642679705726239392e-02 -7.306301620351537789e-03 9.970484249693778445e-01 5.403277562374221787e+01
9.969552864007793502e-01 -7.615203233803499207e-03 -7.760261932935261231e-02 -3.376518297443657168e+00 8.198231014462025595e-03 9.999404929034065859e-01 7.197198782935848235e-03 -7.232729152092208791e-01 7.754318288246161983e-02 -7.811490153752028397e-03 9.969583915442566946e-01 5.499514802924008450e+01
9.967570009720447821e-01 -1.141158221422719325e-02 -7.965712642390740394e-02 -3.410204694004022929e+00 1.225245905976688442e-02 9.998741734526859215e-01 1.007544093988223428e-02 -7.230174936077305992e-01 7.953211603773994998e-02 -1.101876281811375174e-02 9.967714022774477600e-01 5.596126573505165425e+01
9.967813611207662072e-01 -1.077247889460541432e-02 -7.944100200306775106e-02 -3.514789523538558669e+00 1.196382274576604510e-02 9.998227712207098383e-01 1.453592430621520812e-02 -7.261838841915878584e-01 7.927032418259294388e-02 -1.543955768641608502e-02 9.967335826499940099e-01 5.688126433755174816e+01
9.967541123510189616e-01 -1.008996620291095075e-02 -7.987135331151495876e-02 -3.605053172212118184e+00 1.152849469449787265e-02 9.997791702395002478e-01 1.756999050364051532e-02 -7.249390737619315628e-01 7.967642402183879036e-02 -1.843375821016932439e-02 9.966503213393761440e-01 5.781858650429341395e+01
9.966649765699866492e-01 -9.936872742194350488e-03 -8.099496312057684333e-02 -3.698958287101175912e+00 1.109684860119707073e-02 9.998420338098155113e-01 1.388406938881789343e-02 -7.261502647043767134e-01 8.084419356382938071e-02 -1.473655568045473437e-02 9.966178050170589886e-01 5.877589112048690367e+01
9.965177361615509266e-01 -1.011727808874215463e-02 -8.276498809115659383e-02 -3.793576387663254668e+00 1.069508601888844238e-02 9.999214124198118059e-01 6.540957353195926520e-03 -7.243799336048616366e-01 8.269229600531899371e-02 -7.403359224535658277e-03 9.965476272590715334e-01 5.970676995251641017e+01
9.964630646490945098e-01 -7.275678922810541356e-03 -8.371634462388205522e-02 -3.839666758052739493e+00 7.451202381037795586e-03 9.999706473036383825e-01 1.784409916801810506e-03 -7.619551013297245490e-01 8.370089330110104531e-02 -2.401886131919188459e-03 9.964880281911254745e-01 6.060712347546792245e+01
9.963767798774771922e-01 -3.759919360741904686e-03 -8.496573795196132872e-02 -3.938158353845234050e+00 3.919506540850247085e-03 9.999908540314986771e-01 1.711528156209108286e-03 -7.560857005471545156e-01 8.495851425669430357e-02 -2.038350776319540307e-03 9.963824039375026587e-01 6.154306459083405656e+01
9.962480156617191662e-01 -1.464772587976795760e-03 -8.653176797703658607e-02 -3.994209488920776874e+00 1.789308887354256351e-03 9.999916535079242941e-01 3.673050073293127396e-03 -7.626238570824270813e-01 8.652565395428338246e-02 -3.814101148405683438e-03 9.962423212721321919e-01 6.244091297017497766e+01
9.961829708032390318e-01 2.578599767460360449e-03 -8.725159407192356609e-02 -4.082032869790872098e+00 -2.110693429541035410e-03 9.999828962698565915e-01 5.454552653513577119e-03 -7.799523066704329155e-01 8.726415515302862747e-02 -5.249571454132877756e-03 9.961713748437575067e-01 6.331999639180725836e+01
9.961387519575833904e-01 2.359941048831608410e-03 -8.776114574238869093e-02 -4.180179539461960303e+00 -1.843760210429741834e-03 9.999805258838990740e-01 5.962248412620035215e-03 -8.117473738670535344e-01 8.777349545803751762e-02 -5.777416580709217320e-03 9.961237040510892982e-01 6.417250094106871927e+01
9.960151845057141351e-01 3.546877273500265767e-03 -8.911326000436557704e-02 -4.267606111802834334e+00 -2.964542746610676193e-03 9.999733858389037167e-01 6.666266015461916154e-03 -8.221589819612271643e-01 8.913452080690163759e-02 -6.375522550342476238e-03 9.959991911128127651e-01 6.504411320081011638e+01
9.958156744366863933e-01 5.201190754962468910e-03 -9.123645890907824962e-02 -4.331201282685649190e+00 -4.632251480953562123e-03 9.999684918403189959e-01 6.446516061672841538e-03 -8.275416524689223063e-01 9.126710154179917822e-02 -5.996911927376002115e-03 9.958083911845923009e-01 6.589383531202712163e+01
9.957683372311197934e-01 4.754665548895320622e-03 -9.177588468228743690e-02 -4.439990607525196253e+00 -4.157601383502621505e-03 9.999689400977282983e-01 6.695759034494021267e-03 -8.334254394629688756e-01 9.180485792017448188e-02 -6.285857728277169203e-03 9.957571766101729338e-01 6.671680446608351644e+01
9.955937909040268874e-01 4.931737589937780324e-03 -9.364124525720370074e-02 -4.502828867975527949e+00 -4.311681481999426850e-03 9.999674290681095368e-01 6.822770973450159593e-03 -8.304075346925468004e-01 9.367183083356415974e-02 -6.388957634733494727e-03 9.955826274071678528e-01 6.753901340592945246e+01
9.955193714281916906e-01 6.059376502101185280e-03 -9.436348036731077860e-02 -4.596413156536688582e+00 -4.947945160007512048e-03 9.999156628300263083e-01 1.200770851723498810e-02 -8.810872473013562356e-01 9.442826858289736502e-02 -1.148700196508300325e-02 9.954653934321022746e-01 6.833180582140690262e+01
9.953225993207408528e-01 1.201456562657680048e-02 -9.585705465253259450e-02 -4.667938079360451020e+00 -1.063519687827615967e-02 9.998326090128333288e-01 1.488779735745911909e-02 -8.761900570122231890e-01 9.601986659176947603e-02 -1.379870355443975002e-02 9.952837683792797874e-01 6.914586492780797755e+01
9.951897239354111635e-01 1.381382472569693369e-02 -9.698759248524295440e-02 -4.754140135803632816e+00 -1.225186568726503895e-02 9.997857809376383686e-01 1.668184577385159462e-02 -8.787050550261027437e-01 9.719724295794807123e-02 -1.541332370257447043e-02 9.951457802659932073e-01 6.993299875325324422e+01
9.950863401071716741e-01 1.509730523706238198e-02 -9.785319931882535682e-02 -4.858471641983540756e+00 -1.375217921717194515e-02 9.998016484223107847e-01 1.440629464223098372e-02 -9.088364819322438670e-01 9.805127306924028840e-02 -1.298981324460092741e-02 9.950965838272307629e-01 7.067723388791297623e+01
9.948878650938118851e-01 1.470007168573183101e-02 -9.991018639872514817e-02 -4.945473488905248516e+00 -1.417444636063776124e-02 9.998817221396261168e-01 5.968814109768896467e-03 -8.967404903562034013e-01 9.998609783882568547e-02 -4.522129423143410668e-03 9.949785570952354163e-01 7.140180537732162236e+01
9.947813020025071395e-01 1.349340447345434221e-02 -1.011340240089097786e-01 -5.036528517956011086e+00 -1.346624349792366858e-02 9.999088735117926952e-01 9.512608124683070380e-04 -9.304347538146641172e-01 1.011376302245963754e-01 4.155990533970083892e-04 9.948723563859617203e-01 7.211259259943230404e+01
9.946465772856661891e-01 1.449363857082330148e-02 -1.023138424984263439e-01 -5.072694369031308881e+00 -1.453227251092286884e-02 9.998943332788082783e-01 3.677796241679112481e-04 -9.447420732059527149e-01 1.023083480970832237e-01 1.121042085655702195e-03 9.947521015876903405e-01 7.283958701662903934e+01
9.945857631606035421e-01 1.594460914216076775e-02 -1.026885135354486805e-01 -5.145985645192057589e+00 -1.584585206089217033e-02 9.998728667670897519e-01 1.777412812541977411e-03 -9.333061430712623618e-01 1.027037848144560506e-01 -1.406023973534914256e-04 9.947119740107158714e-01 7.349927040961247826e+01
9.944338399629495395e-01 1.645212402513561434e-02 -1.040704917395994245e-01 -5.206317492419164417e+00 -1.599078446591481809e-02 9.998582731340367458e-01 5.265774605101401253e-03 -9.630366552897611232e-01 1.041423613852585917e-01 -3.572295850157227240e-03 9.945559841675776225e-01 7.412908236298818565e+01
9.942786641817711324e-01 1.529401714490985324e-02 -1.057167570957871366e-01 -5.248943044616542153e+00 -1.518880358016323935e-02 9.998830227090771405e-01 1.800297323239295321e-03 -9.702537391921784993e-01 1.057319102566322833e-01 -1.842860733127808445e-04 9.943946538106849253e-01 7.476111110619481792e+01
9.943713046250272081e-01 9.325121632883744127e-03 -1.055402877432147363e-01 -5.309876041722300322e+00 -9.638635298292628009e-03 9.999505190952645561e-01 -2.460899850757948364e-03 -1.005282340327989576e+00 1.055121031937047982e-01 3.464312917348760096e-03 9.944119835190072809e-01 7.537684197496618310e+01
9.945243335665627793e-01 4.454838195408349251e-03 -1.044102772578947846e-01 -5.384325662392058121e+00 -5.179850385759255868e-03 9.999643143955695423e-01 -6.673758570680847317e-03 -1.019050924547492798e+00 1.043768068204146970e-01 7.178045588362607851e-03 9.945119186088176022e-01 7.598888233465126518e+01
9.948728846157830485e-01 5.566301425123293400e-03 -1.009800043848598783e-01 -5.467826125600690368e+00 -6.349899939261239960e-03 9.999521600873317873e-01 -7.440179305851686749e-03 -1.028712238830906900e+00 1.009337457139880267e-01 8.043246319301851008e-03 9.948606352968628608e-01 7.656693462673779038e+01
9.952258484794241911e-01 1.121498683917577371e-02 -9.695223589874447934e-02 -5.541790452449644633e+00 -1.191120422686940683e-02 9.999072425781579954e-01 -6.605254348578461741e-03 -1.008104704473452573e+00 9.686915205309765131e-02 7.728538468578357613e-03 9.952671177553774617e-01 7.713304101380605005e+01
9.957146717064776498e-01 9.988490562415965404e-03 -9.193760884255748611e-02 -5.598170886637901411e+00 -1.021605466270326772e-02 9.999458047525554560e-01 -2.004928886889467687e-03 -1.053417659370111892e+00 9.191258774064044179e-02 2.935577071744707375e-03 9.957627515287891251e-01 7.769790054256449707e+01
9.962083123399064766e-01 7.036059866407580118e-03 -8.671501284493252082e-02 -5.623610026943283380e+00 -6.924750885187772390e-03 9.999747685091940896e-01 1.584345424557678534e-03 -1.065504102413089127e+00 8.672396082670540129e-02 -9.778582205637552632e-04 9.962318993413633583e-01 7.824515398415989864e+01
9.969000574392485881e-01 2.093931815733927719e-03 -7.865044109514238158e-02 -5.644336264342129539e+00 -1.713242814606580995e-03 9.999864908870444991e-01 4.907427690733386083e-03 -1.083201943593529837e+00 7.865964387042929939e-02 -4.757467964437957914e-03 9.968901774836541607e-01 7.878476527558588316e+01
9.976673836878283685e-01 4.563898997481576764e-03 -6.810993387535725641e-02 -5.682949254007158224e+00 -4.233501503679052216e-03 9.999785660683760957e-01 4.994483488557487950e-03 -1.087456561068447014e+00 6.813125919764012606e-02 -4.694490089658940810e-03 9.976653209094701324e-01 7.928629710274630327e+01
9.985581271138014303e-01 9.086750547508553461e-03 -5.290650461994580306e-02 -5.718196568617086584e+00 -8.854311525764073029e-03 9.999500989496487025e-01 4.626094764002807065e-03 -1.093152819992567748e+00 5.294589360714740262e-02 -4.150974136509580532e-03 9.985887548422773818e-01 7.976228772081215368e+01
9.992606622169213360e-01 1.418440432905429885e-02 -3.573418412167798236e-02 -5.692831692691814105e+00 -1.403778554594126149e-02 9.998920008824085937e-01 4.350527319242467397e-03 -1.076091687856346013e+00 3.579202971272754663e-02 -3.845682268871156682e-03 9.993518605086511020e-01 8.027520249770353189e+01
9.998089521775034294e-01 1.334255779413131594e-02 -1.428409636421601805e-02 -5.672072433793574397e+00 -1.327720289358034350e-02 9.999009939914029754e-01 4.660262242367719729e-03 -1.085914182770560732e+00 1.434486005747491466e-02 -4.469719406360859494e-03 9.998871168991075864e-01 8.072859540177391580e+01
9.998763618843092837e-01 9.899560947520594928e-03 1.221718780188608446e-02 -5.662315496069206588e+00 -9.971778721369024129e-03 9.999330825202411566e-01 5.864646652346925011e-03 -1.108462654345105269e+00 -1.215831119730032515e-02 -5.985749144774955323e-03 9.999081689168293208e-01 8.121438610557780180e+01
9.991036414921566911e-01 8.908909556214031009e-03 4.138290813381884786e-02 -5.621317526418071253e+00 -9.276628716988645842e-03 9.999191037417586303e-01 8.702304750682827647e-03 -1.138947176439492504e+00 -4.130202682826607935e-02 -9.078399013326443265e-03 9.991054624398779671e-01 8.168389210145696211e+01
9.972309761800116634e-01 8.797621934853266240e-03 7.384431354959934690e-02 -5.549288999601210470e+00 -9.526828700485167473e-03 9.999092192304835924e-01 9.528526003604364039e-03 -1.134711183627639119e+00 -7.375377165038889127e-02 -1.020564431047372642e-02 9.972242603187539967e-01 8.211131249768477858e+01
9.937375092412726874e-01 8.525803087565449884e-03 1.114139799591940400e-01 -5.493281939910433564e+00 -9.575377283314765245e-03 9.999146469032771378e-01 8.888815027033886845e-03 -1.116505536648360053e+00 -1.113286712213379381e-01 -9.899980706579939588e-03 9.937343286059953096e-01 8.257643472569955634e+01
9.881198201569004747e-01 7.919269591615825388e-03 1.534812989590106092e-01 -5.442368952421095862e+00 -9.466734864815622846e-03 9.999114355516979247e-01 9.354248191137512838e-03 -1.132491411617637000e+00 -1.533936065986111486e-01 -1.069608582170009786e-02 9.881072777181489908e-01 8.300123334226938709e+01
9.800212193957070772e-01 8.071000720828544472e-03 1.987291460731642201e-01 -5.343235880186228748e+00 -9.999410388508612677e-03 9.999121394500825044e-01 8.702019535972360317e-03 -1.124973598081293824e+00 -1.986414249889224548e-01 -1.051533913539211620e-02 9.800158197355907097e-01 8.342124780073621082e+01
9.689877874811770875e-01 7.771436760344326185e-03 2.469863970182717694e-01 -5.177601727760573702e+00 -9.971449317868759377e-03 9.999209603964235304e-01 7.657880231801339997e-03 -1.139372919838901321e+00 -2.469073294831424514e-01 -9.883205815874044481e-03 9.689886919309230739e-01 8.382958834230139189e+01
9.538418916207909160e-01 7.958781077966338088e-03 3.002037895375946897e-01 -5.049883804725718406e+00 -1.026276608032455559e-02 9.999287383598192136e-01 6.098672202037853755e-03 -1.162485326003359409e+00 -3.001338182943791288e-01 -8.898091332811171317e-03 9.538555988507148031e-01 8.421321526926233503e+01
9.344841519856617040e-01 7.304582630268604236e-03 3.559298094354551578e-01 -4.879263722352573218e+00 -9.692114886076729288e-03 9.999409015402831447e-01 4.925069150353612174e-03 -1.182571467115859143e+00 -3.558727512541398630e-01 -8.052112707728924235e-03 9.344997228147983170e-01 8.460096105788566945e+01
9.110387756360185385e-01 7.356140380114205464e-03 4.122550893602631161e-01 -4.643524917550538866e+00 -9.591862493369551421e-03 9.999483712946418690e-01 3.354234327613039336e-03 -1.188873098250094573e+00 -4.122090756898104669e-01 -7.010132687257958524e-03 9.110622996111368277e-01 8.494055466720942604e+01
8.826813595853785221e-01 7.103636644050529900e-03 4.699182745537841543e-01 -4.425676473680482559e+00 -8.899934856320993251e-03 9.999591127084873632e-01 1.601262264517767280e-03 -1.182748383696667016e+00 -4.698876230959281863e-01 -5.595647370768593379e-03 8.827084917735098513e-01 8.525650166345219816e+01
8.498769101657834835e-01 6.455605209837632190e-03 5.269417418131975284e-01 -4.152053434945899291e+00 -7.054199830842958381e-03 9.999747373737997158e-01 -8.734150454882891323e-04 -1.197465304401388986e+00 -5.269339976696341132e-01 -2.974857921840436906e-03 8.499009800021776195e-01 8.558946761633583833e+01
8.137714912247671073e-01 6.084537421099368154e-03 5.811531493689788830e-01 -3.891344244816694609e+00 -5.218383711420886660e-03 9.999813835988247135e-01 -3.162420741702677129e-03 -1.188914354405763207e+00 -5.811614943530907240e-01 -4.591930200999059446e-04 8.137880940994648427e-01 8.584676253551054970e+01
7.743675921474223456e-01 5.728929904351066048e-03 6.327100951472894863e-01 -3.611389277506363626e+00 -4.057899003249420926e-03 9.999834106486864549e-01 -4.088014534802282378e-03 -1.187485994030171632e+00 -6.327229340318567541e-01 5.981515744437952654e-04 7.743779943139819100e-01 8.613879874811854620e+01
7.324482219008182637e-01 6.109434784015242877e-03 6.807953719015679139e-01 -3.297300657113306777e+00 -6.433914099544414157e-03 9.999771973746010012e-01 -2.051695732615504801e-03 -1.187635495389522955e+00 -6.807922914244854962e-01 -2.877419152442598459e-03 7.324708288110877152e-01 8.637572969115515775e+01
6.880677280171354493e-01 1.855685356525756764e-03 7.256441468723063837e-01 -2.974299809729601840e+00 -4.309637383965632569e-03 9.999895442223265540e-01 1.529203322738126184e-03 -1.223537857565125231e+00 -7.256336247144601348e-01 -4.179459894052287017e-03 6.880685322050089647e-01 8.659113793785319046e+01
6.415101094916862978e-01 1.400574417447053403e-03 7.671133527161378973e-01 -2.665722471640920244e+00 -9.487092929939388436e-04 9.999990170506917186e-01 -1.032397361577147565e-03 -1.203081735398862318e+00 -7.671139418078488648e-01 -6.547526397675665149e-05 6.415108088698990851e-01 8.680957503175153533e+01
5.955852744295687673e-01 -2.110629541488706238e-04 8.032921150313790948e-01 -2.322807419737199730e+00 4.166422497517206606e-03 9.999873262007688002e-01 -2.826368492324922259e-03 -1.222226287525447264e+00 -8.032812300553116014e-01 5.030197090491734906e-03 5.955786067549114771e-01 8.696497641851152594e+01
5.484282780376844579e-01 8.161562990555933962e-04 8.361972558788158816e-01 -2.005374297957436269e+00 3.251184654679578623e-03 9.999898839425958030e-01 -3.108344800400374749e-03 -1.223918832030281623e+00 -8.361912216715791102e-01 4.423335044421256197e-03 5.484200779586387853e-01 8.719809628809225899e+01
5.017363467592317328e-01 1.903602648288608024e-03 8.650185629532871623e-01 -1.658617272932199960e+00 -3.446138524257702854e-04 9.999979390997079109e-01 -2.000758032106144182e-03 -1.245134818205189120e+00 -8.650204729370979395e-01 7.057544425085530808e-04 5.017359701069621369e-01 8.732846848698149245e+01
4.561904577042425468e-01 6.349596132777271702e-03 8.898595700735170144e-01 -1.325339632666216572e+00 -1.230561132165088143e-03 9.999780883925093455e-01 -6.504493469926176177e-03 -1.221679314962066165e+00 -8.898812534447780864e-01 1.872260081098251535e-03 4.561882768175168912e-01 8.747077904380739710e+01
4.138126573658081342e-01 1.661717653023751231e-03 9.103606064598707137e-01 -9.731335808273281485e-01 5.813573648496757861e-03 9.999731197358118218e-01 -4.467903298570204650e-03 -1.257448879307361489e+00 -9.103434380978767670e-01 7.141322564498905380e-03 4.137918749031498922e-01 8.758232536788372613e+01
3.745579097264361557e-01 -5.671286129276693726e-03 9.271862398942927186e-01 -6.378467694044247516e-01 2.117191096862693772e-02 9.997728783200646729e-01 -2.437600715667996056e-03 -1.264933226155833701e+00 -9.269617072203855113e-01 2.054332738421036503e-02 3.745929129562597382e-01 8.764567870979581699e+01
3.397213728606081062e-01 -1.027398309955088705e-02 9.404700697743216820e-01 -2.471639628242666697e-01 2.662590933369761437e-02 9.996446190547383370e-01 1.302476024709244310e-03 -1.281430148458641671e+00 -9.401491002364906757e-01 2.459839238094659389e-02 3.398741980082164993e-01 8.773775861528078224e+01
3.060654798442750124e-01 -5.643558267510510179e-03 9.519937989868400008e-01 8.979117080207879575e-02 2.435819420132396759e-02 9.997014805104124102e-01 -1.904770806722737297e-03 -1.268158950819591624e+00 -9.516987330370391129e-01 2.377183483270928904e-02 3.061115817500051905e-01 8.783977248361766499e+01
2.753144467682919205e-01 2.087680462568102489e-03 9.613520273331385146e-01 4.721183099092783886e-01 1.398076480194945098e-02 9.998831957085799749e-01 -6.175202235325287330e-03 -1.265625410843866705e+00 -9.612525002947941433e-01 1.514055864117579663e-02 2.752531030287941882e-01 8.792334206122468743e+01
2.472024243737843963e-01 7.583463347786579406e-03 9.689342485224676782e-01 8.425442080734406591e-01 9.213482748250189508e-03 9.999057710043763869e-01 -1.017648354844339492e-02 -1.261525620250339319e+00 -9.689199899371659930e-01 1.144290972279715657e-02 2.471092621801359301e-01 8.800960889066729465e+01
2.215705183156376767e-01 8.315844035787773106e-03 9.751089576522934399e-01 1.198771200683815819e+00 1.129885799094786092e-02 9.998746166476106811e-01 -1.109444692758326974e-02 -1.294369200481090498e+00 -9.750788242130200567e-01 1.347581946557742903e-02 2.214487790843241155e-01 8.808712752431345905e+01
1.969583245745226141e-01 8.561998774850938104e-03 9.803745402231804906e-01 1.630817835076882272e+00 1.546195062608186031e-02 9.998103761777819010e-01 -1.183806197819784085e-02 -1.326489134011560322e+00 -9.802898639303044837e-01 1.749010736039401798e-02 1.967885929587581406e-01 8.816290056421611609e+01
1.771234705498030138e-01 1.381995348665057514e-02 9.840916698517258032e-01 2.070252593461167301e+00 2.551185072708504406e-02 9.995009442154906276e-01 -1.862814604935060514e-02 -1.338696002985918287e+00 -9.838578614475934625e-01 2.840548230690033774e-02 1.766825050669887376e-01 8.822844822501822648e+01
1.583494413478621632e-01 2.057331530472272449e-02 9.871688425158382518e-01 2.491110972637744947e+00 2.714830585183838560e-02 9.993142023522201267e-01 -2.518122822895299540e-02 -1.337765230152691220e+00 -9.870097734948838353e-01 3.078739591109726226e-02 1.576823166310787061e-01 8.824290747625930464e+01
1.411600147948056938e-01 2.190182588874115682e-02 9.897445587024310543e-01 2.915731559584624488e+00 2.270149409822526040e-02 9.994207483248493951e-01 -2.535369422430339137e-02 -1.351873293262884745e+00 -9.897264070422148174e-01 2.604760852818889874e-02 1.405810450621770014e-01 8.828514758642609195e+01
1.257614572582217705e-01 1.969110181289843164e-02 9.918651360818091511e-01 3.350392163785113731e+00 2.067053976023290260e-02 9.995339350427652203e-01 -2.246422363461330479e-02 -1.336119719345023160e+00 -9.918450748676799211e-01 2.332752140939416824e-02 1.252958201584332687e-01 8.831829867856220062e+01
1.104520236368015246e-01 1.427087821681585073e-02 9.937790623611845175e-01 3.831397773626821213e+00 2.315051421280654720e-02 9.995886748973962233e-01 -1.692733226914073033e-02 -1.402432897395655020e+00 -9.936117308014504879e-01 2.487615469402782928e-02 1.100762153881755384e-01 8.838840959125172958e+01
9.750881648537962354e-02 1.398740191370723140e-02 9.951364308237742318e-01 4.344842642346704586e+00 2.398785874924468792e-02 9.995777173981242880e-01 -1.640028592534893345e-02 -1.370277942279848782e+00 -9.949454660525171024e-01 2.547036492640432359e-02 9.713211399978123606e-02 8.842199050783376890e+01
