1.000000000000000000e+00 1.340647807916491148e-19 -4.035537943246326386e-21 1.734723475976807094e-18 -6.058368000060349672e-19 1.000000000000000000e+00 -6.966187348603874941e-19 0.000000000000000000e+00 -7.959587449556990010e-20 -1.678459064301256428e-19 9.999999999999998890e-01 0.000000000000000000e+00
9.999923729126996008e-01 -9.886704069100905618e-04 -3.778445922848748875e-03 5.352559848506686230e-02 9.825675913155307740e-04 9.999982105417382083e-01 -1.616623760039249827e-03 -1.697787881884656874e-02 3.780036963340476907e-03 1.612898985983791554e-03 9.999915549008142612e-01 7.129690246878874760e-01
9.999630886234555094e-01 1.208502712849693957e-03 -8.506523226851111022e-03 6.650211737139703760e-02 -1.229635021095219077e-03 9.999961700618024141e-01 -2.479486138701210603e-03 -3.236285076167143976e-02 8.503493045303156181e-03 2.489854748591950693e-03 9.999607448353722283e-01 1.447463856794736214e+00
9.999229589977801647e-01 7.133646199760743534e-04 -1.239222423756919378e-02 6.133028196264694865e-02 -7.412319505201321861e-04 9.999972067494384831e-01 -2.244340041598420505e-03 -5.601989092202878245e-02 1.239058693212032568e-02 2.253352843878346241e-03 9.999206947159463565e-01 2.179832951404904406e+00
9.998390079402273978e-01 1.654757969025329569e-03 -1.786673030071336821e-02 6.513986081513434279e-02 -1.697193718725617485e-03 9.999957743760650164e-01 -2.360244631138335662e-03 -7.465333255902151244e-02 1.786274677852114218e-02 2.390188165611329459e-03 9.998375914179077339e-01 2.914777509203905215e+00
9.997768650689743408e-01 1.029426282325213507e-03 -2.109882578193708266e-02 -5.818615508584781132e-04 -1.072206764338792589e-03 9.999973922016355266e-01 -2.016421607638673331e-03 -9.646823582863446600e-02 2.109669217815162562e-02 2.038594163489493554e-03 9.997753615810236472e-01 3.618566075832334583e+00
9.996657659098336923e-01 2.160197866354462547e-03 -2.576218444639587560e-02 -3.093449011142580807e-02 -2.245533530518549741e-03 9.999920864666298481e-01 -3.283987028059462670e-03 -1.027436405065865893e-01 2.575488306775752453e-02 3.340739554367676452e-03 9.996627057840603570e-01 4.379972369993248904e+00
9.995019193293775972e-01 4.737929317183815769e-03 -3.120040825667616535e-02 -2.266015509651318066e-02 -4.842001856426048426e-03 9.999829604976873121e-01 -3.260937176954664674e-03 -1.299644548824246404e-01 3.118442235528776085e-02 3.410385712035162754e-03 9.995078293340105002e-01 5.135694734633904801e+00
9.993670531493100695e-01 3.690360567862642927e-03 -3.538183928829108371e-02 -8.123367491376425054e-02 -3.809590655446740137e-03 9.999872884881639834e-01 -3.303008289790753099e-03 -1.037102848624232299e-01 3.536919550604858409e-02 3.435708300406984002e-03 9.993684083971311471e-01 5.945333278312656233e+00
9.991864653647918315e-01 4.083761540492182249e-03 -4.012144829265969909e-02 -1.014881556006285990e-01 -4.165752798827949965e-03 9.999894019791331079e-01 -1.960208576780715379e-03 -1.069891651575778091e-01 4.011301268961593725e-02 2.125750126862272892e-03 9.991928878475491160e-01 6.769099892287275821e+00
9.990422868678030532e-01 2.572855863046151232e-03 -4.367939781034064356e-02 -1.489315825669504934e-01 -2.603418450945823789e-03 9.999964044719985568e-01 -6.428437108708735977e-04 -9.637221237918486283e-02 4.367758096437798082e-02 7.559439030437460324e-04 9.990453929361304830e-01 7.584342396110745455e+00
9.989502360496406164e-01 3.048472421684717514e-03 -4.570703525205362799e-02 -1.998504199239244661e-01 -3.079332302343949519e-03 9.999950759572533432e-01 -6.047851340402216752e-04 -1.093422441268542544e-01 4.570496039531377064e-02 7.448975055441178598e-04 9.989547043647465374e-01 8.378259470037610512e+00
9.988482211224851692e-01 3.354776853832070437e-03 -4.786415175634063657e-02 -2.498369261627957916e-01 -3.352623577494829189e-03 9.999943720933126556e-01 1.252545370786072997e-04 -1.402526548915140614e-01 4.786429617004282072e-02 3.536025918018091842e-05 9.988538469262168151e-01 9.175435993618579644e+00
9.987951776254532232e-01 2.721423090215995856e-03 -4.899783070451584066e-02 -3.109399826802016209e-01 -2.728875065665499044e-03 9.999962729802510664e-01 -8.520473099190637562e-05 -1.622383647147546681e-01 4.899740964583734065e-02 2.188110954074036464e-04 9.987988814426527195e-01 1.003009245920773651e+01
9.986330465390188538e-01 2.936004785320223218e-03 -5.218638414574278128e-02 -3.287277020785432935e-01 -2.934720829469577696e-03 9.999956885712707466e-01 1.012207358017753268e-04 -1.586967123979339256e-01 5.218644934035701621e-02 5.207014850420388965e-05 9.986373572757643036e-01 1.089848742020766181e+01
9.984829807274319124e-01 2.051484448168901416e-03 -5.502298707001031935e-02 -3.331543223388646058e-01 -2.044435593650088118e-03 9.999978931377193625e-01 1.843882995622558440e-04 -1.784201207211064955e-01 5.502324204057867929e-02 -7.161758246791804334e-05 9.984850711019975789e-01 1.178265942675411715e+01
9.984073757484540623e-01 3.113885303785578988e-03 -5.632953302477331642e-02 -4.112895774882158184e-01 -3.220433170393580298e-03 9.999931928548148052e-01 -1.800844917459711947e-03 -1.854398792194077716e-01 5.632353441233511893e-02 1.979382557841092346e-03 9.984106074188188185e-01 1.262117908470427174e+01
9.982595784368106795e-01 5.421087112511357650e-03 -5.872330409482211244e-02 -4.287354639042381677e-01 -5.713476749558400042e-03 9.999720982420196025e-01 -4.812368668680695044e-03 -1.775534650855445928e-01 5.869556948436210203e-02 5.139507826571755242e-03 9.982626984119735702e-01 1.351124620585870950e+01
9.981161477074463884e-01 7.847633219277198521e-03 -6.084875476938924471e-02 -4.834357974294458127e-01 -8.179437510799898378e-03 9.999529971388508853e-01 -5.205792297312746356e-03 -2.226603528889050387e-01 6.080503341815301360e-02 5.693694465335823705e-03 9.981334225330115162e-01 1.441641294351011915e+01
9.980126283078217808e-01 9.378780906127554690e-03 -6.231238127348313893e-02 -5.296200866525411222e-01 -9.732764963601679004e-03 9.999381639924596055e-01 -5.379723661737657175e-03 -2.191577008203854926e-01 6.225806454496119607e-02 5.975504462499848721e-03 9.980421965745065460e-01 1.529131051343146375e+01
9.979404762185442035e-01 9.660597889128513804e-03 -6.341513579730148620e-02 -5.901573494396800124e-01 -1.000488670391346847e-02 9.999368733774622875e-01 -5.113848881557804885e-03 -2.264489515554626298e-01 6.336172129828683552e-02 5.737778568841647199e-03 9.979741327048093913e-01 1.622229963125525032e+01
9.978790506777307501e-01 9.875174745295645096e-03 -6.434191352365947747e-02 -6.727888012286162844e-01 -1.019337136972065308e-02 9.999373778639910615e-01 -4.619034429743214265e-03 -2.370924192556164156e-01 6.429226192052123201e-02 5.265099204945240113e-03 9.979172225918447880e-01 1.711839568535913259e+01
9.977554003506305946e-01 9.969554768045471235e-03 -6.621759417852975116e-02 -7.149664891690949986e-01 -1.028493721607163895e-02 9.999373236767153950e-01 -4.423656082166151256e-03 -2.554823960311018993e-01 6.616933316701019419e-02 5.094771025646034450e-03 9.977954008603631131e-01 1.801902719733575609e+01
9.976794294408389829e-01 9.588059281715410886e-03 -6.740790710776932426e-02 -7.785310611827299665e-01 -9.925815733666855725e-03 9.999397976340591576e-01 -4.677524934820863692e-03 -2.562030082308585643e-01 6.735899159172054063e-02 5.335749375154833288e-03 9.977145359919225021e-01 1.894849783138547394e+01
9.975443977563398512e-01 9.238267473927306780e-03 -6.942499339561315763e-02 -8.203926301006259081e-01 -9.591799724704497612e-03 9.999426649790288391e-01 -4.760681084794632367e-03 -2.894406981925430333e-01 6.937702318199844009e-02 5.414901888083542211e-03 9.975758150392755041e-01 1.986289724907008747e+01
9.975113647003787110e-01 9.079706522740487937e-03 -6.991878875601932608e-02 -8.879574623676351752e-01 -9.396073435856074768e-03 9.999470470471244488e-01 -4.197244348896786610e-03 -2.975205835200615545e-01 6.987696725014291843e-02 4.843761475588843728e-03 9.975438570159356200e-01 2.076489423498911435e+01
9.976089640324704577e-01 8.238108012991558413e-03 -6.861843211412511911e-02 -9.960799978744659944e-01 -8.184640031885107372e-03 9.999659431321007430e-01 1.060290742888120568e-03 -3.433594509179885845e-01 6.862482078413673081e-02 -4.961383584751387051e-04 9.976424144345099609e-01 2.170134041034842909e+01
9.976462486534390939e-01 7.559304250194735786e-03 -6.815291792478322952e-02 -1.048027069222547514e+00 -7.217147567963021378e-03 9.999600942554454086e-01 5.265231403637092925e-03 -3.630513193357795543e-01 6.818999058074656783e-02 -4.760969017524781417e-03 9.976609933338138614e-01 2.264819406970442728e+01
9.977926780388972627e-01 9.692955789191702934e-03 -6.569489309121789855e-02 -1.141622871177139453e+00 -9.276778313122537728e-03 9.999349431984267955e-01 6.637072352523882418e-03 -3.496213164909409143e-01 6.575494323055118551e-02 -6.012985665469236345e-03 9.978176841243979744e-01 2.359585082166326941e+01
9.978788036195227473e-01 7.849115751369244859e-03 -6.462418553948219568e-02 -1.194867329230934194e+00 -7.396513696068367401e-03 9.999464366233004053e-01 7.239851838515335564e-03 -3.465418749581455349e-01 6.467754181698306959e-02 -6.746501507973274789e-03 9.978834098375066741e-01 2.451337821832012409e+01
9.979902173927667208e-01 9.253104031471426003e-03 -6.268896803621168412e-02 -1.267111335006551931e+00 -8.897809993601277223e-03 9.999427452013476270e-01 5.944347947893463373e-03 -3.837664073650533525e-01 6.274037405626828323e-02 -5.374606953109602181e-03 9.980154099151172797e-01 2.549303092754680478e+01
9.980255675634639445e-01 1.012644546300862924e-02 -6.198727485152335376e-02 -1.341104216174212604e+00 -1.004238668498508985e-02 9.999481836984801530e-01 1.667438521439172910e-03 -3.995407292126538223e-01 6.200093982387153146e-02 -1.041646117032457531e-03 9.980755471502509302e-01 2.642009406348545753e+01
9.981087964153285697e-01 7.476844962438933088e-03 -6.101580063706378565e-02 -1.396691149429019063e+00 -7.692760811326784277e-03 9.999649499965453936e-01 -3.304568891643831600e-03 -3.777082309642437741e-01 6.098894611981846292e-02 3.767699605879923277e-03 9.981313301891640011e-01 2.740478602712502720e+01
9.981792946566330205e-01 3.174145944043075228e-03 -6.023305658006986724e-02 -1.458568150516061479e+00 -3.295202420617826707e-03 9.999927456149114713e-01 -1.910587934864196522e-03 -4.049476425392619650e-01 6.022654707376273037e-02 2.105589657717472224e-03 9.981825128419155035e-01 2.834315649158963168e+01
9.981885133692497414e-01 1.956111522438580639e-03 -6.013207121751409923e-02 -1.506331222335748787e+00 -1.753528047446160356e-03 9.999926090246418209e-01 3.421554838205564247e-03 -4.165393878543852679e-01 6.013831166361117975e-02 -3.309913681520507828e-03 9.981845657773553704e-01 2.932898327754872625e+01
9.981527140028384482e-01 -1.108645175248274993e-03 -6.074480243938301660e-02 -1.575980663672620352e+00 1.583815273491024234e-03 9.999685214005318290e-01 7.774815104410672841e-03 -4.379079655602923227e-01 6.073426261752297439e-02 -7.856661934866929556e-03 9.981230493311414875e-01 3.030246522736932846e+01
9.980144203253369373e-01 -7.601387588377537911e-03 -6.252548561875230504e-02 -1.594915542819369980e+00 8.063591691757885510e-03 9.999419744565768431e-01 7.143263896717101137e-03 -4.568008535444783025e-01 6.246755043808068647e-02 -7.633260940488263875e-03 9.980178043687624179e-01 3.129270419221146327e+01
9.979521194472308343e-01 -8.116061614114574232e-03 -6.344838433755657647e-02 -1.668002528493218728e+00 8.318109887369381714e-03 9.999611377290719139e-01 2.920973193908323311e-03 -4.493385573682374123e-01 6.342220327847253314e-02 -3.442762256467610856e-03 9.979808469474958921e-01 3.226802443055873937e+01
9.978122658153248947e-01 -8.635519090894040045e-03 -6.554472274334378901e-02 -1.726304130515237567e+00 8.568743403801279065e-03 9.999624428604854121e-01 -1.299808326585510324e-03 -4.708835894825758039e-01 6.555347679609135891e-02 7.353288904588358354e-04 9.978487862866134428e-01 3.328165864017442033e+01
9.977232853696210713e-01 -4.929015318929278085e-03 -6.726032522015366888e-02 -1.794788121704761874e+00 4.753979833908197894e-03 9.999848849768186998e-01 -2.762153354829307694e-03 -4.736236538963690124e-01 6.727291425524198343e-02 2.436110743317653100e-03 9.977316370973957627e-01 3.425980357765363493e+01
9.976490151014703045e-01 -8.052240270803366282e-03 -6.805589484005888923e-02 -1.865920813549008184e+00 7.943380763514897025e-03 9.999667023492601059e-01 -1.869997688093767707e-03 -4.757724737040502361e-01 6.806867727877066732e-02 1.325007626286542600e-03 9.976797576391706057e-01 3.525866207230560434e+01
9.976078663545062675e-01 -5.366163754345548882e-03 -6.891843016779902742e-02 -1.950796669231244840e+00 5.395427593832342189e-03 9.999854161360018923e-01 2.384956514386413109e-04 -4.810740305856747723e-01 6.891613602072288458e-02 -6.097695329330488426e-04 9.976222700153993816e-01 3.626072395860952469e+01
9.975123390583301441e-01 -3.407155419617299928e-03 -7.040969741910661772e-02 -2.014599039691878257e+00 3.565109652976895544e-03 9.999914023673246444e-01 2.117827190697349916e-03 -5.060967772106789164e-01 7.040186685376920162e-02 -2.363577182541301037e-03 9.975159095807273335e-01 3.728486338487848428e+01
9.973770953051775967e-01 -4.700669492471941900e-03 -7.222765590148595705e-02 -2.069565134761802927e+00 5.060177948005928003e-03 9.999756996796932418e-01 4.795274788017631594e-03 -5.204831359639754407e-01 7.220335005675253270e-02 -5.148182394229307464e-03 9.973766448225429571e-01 3.828089482786455733e+01
9.974333997750681746e-01 -4.399838020121713857e-03 -7.146506302138730393e-02 -2.166887471512717322e+00 4.948513014194679156e-03 9.999596129857842852e-01 7.502308309574698408e-03 -5.180014016107132857e-01 7.142915823337873948e-02 -7.836699261575095707e-03 9.974148889458920308e-01 3.929113874490783331e+01
9.974271541609229796e-01 -2.606285878897440789e-03 -7.163993449406970415e-02 -2.269030539078596309e+00 3.363938432184587941e-03 9.999396632606003532e-01 1.045723537708692467e-02 -5.293781501475686158e-01 7.160834781801379834e-02 -1.067132366569599131e-02 9.973757399098954757e-01 4.028635867880119292e+01
9.974341058284935668e-01 1.150948740344490953e-03 -7.158128700162201541e-02 -2.342506879051636570e+00 -4.637246210769031709e-04 9.999536529927565143e-01 9.616487742886575124e-03 -5.233292874768473713e-01 7.158902790390932191e-02 -9.558619568043637271e-03 9.973884113340384383e-01 4.127446416659579143e+01
9.974265588659556592e-01 -1.586968655921947198e-03 -7.167804404971826748e-02 -2.413335333495685742e+00 2.220275780921515674e-03 9.999591950131667684e-01 8.756637367364591279e-03 -5.386318592023395802e-01 7.166121310355655361e-02 -8.893248369638088666e-03 9.973893822658053132e-01 4.228866685070030229e+01
9.974273779401755524e-01 1.375367859923475478e-03 -7.167101856878367594e-02 -2.486674073013806829e+00 -9.117287677460776457e-04 9.999784506926182592e-01 6.501300535611563569e-03 -5.495955678501062147e-01 7.167840617527711233e-02 -6.419231080001132524e-03 9.974071379075113430e-01 4.327741468961391291e+01
9.973935651156794480e-01 2.510863341152397028e-03 -7.210944908338919046e-02 -2.578685533688091169e+00 -2.028510116682124328e-03 9.999750824427696694e-01 6.761630383210098447e-03 -5.769636357877443444e-01 7.212462015055434716e-02 -6.597732363283355904e-03 9.973738056890461001e-01 4.424339133702775229e+01
9.972628107078860271e-01 9.805413385330962253e-04 -7.393189953298949513e-02 -2.627536777258820067e+00 -4.088968703829595091e-04 9.999699096559506728e-01 7.746779697048906954e-03 -5.937966668197778297e-01 7.393726101752734481e-02 -7.695345338187081774e-03 9.972332035350762736e-01 4.526739336426023641e+01
9.971975520647868851e-01 1.155545185885969292e-05 -7.481338710753653032e-02 -2.697964607746303312e+00 5.908169872745966866e-04 9.999675882554814876e-01 8.029532077369061493e-03 -5.778681371104290587e-01 7.481104502469111683e-02 -8.051231346849541115e-03 9.971652241913075976e-01 4.625380578218129557e+01
9.971716118709322840e-01 3.130486981656567264e-03 -7.509312492677180928e-02 -2.791637834701585774e+00 -2.650244757135725594e-03 9.999754012758348409e-01 6.494078006015700441e-03 -6.176752798470618311e-01 7.511159728752125897e-02 -6.276695519385793592e-03 9.971553791470029182e-01 4.722440860112409666e+01
9.970790751460594237e-01 4.588163007077620745e-03 -7.623822910581738721e-02 -2.854094858252074651e+00 -4.491221695529806594e-03 9.999888733460324808e-01 1.442949117630127004e-03 -6.053599293251434865e-01 7.624399109897479765e-02 -1.096331604186243872e-03 9.970885873265619148e-01 4.824209189145108923e+01
9.970659979674039164e-01 4.573270979803705991e-03 -7.640995880531227524e-02 -2.953543360456803768e+00 -4.564128084147687711e-03 9.999895410086607761e-01 2.942721046993217941e-04 -6.382114393721519674e-01 7.641049518285941700e-02 5.533620244093935791e-05 9.970764425364001537e-01 4.920395172151478391e+01
9.970530893278127804e-01 7.171188901894394452e-03 -7.637874073676849396e-02 -3.027529719302358036e+00 -7.011269428098252689e-03 9.999726318629860167e-01 2.361695823693666686e-03 -6.277215929510927550e-01 7.639357632538507081e-02 -1.819224265255772570e-03 9.970760808550215293e-01 5.016607533465163016e+01
9.970837756945554187e-01 3.985633248597610957e-03 -7.621062841027141654e-02 -3.123533427131868656e+00 -3.488831129772073693e-03 9.999717969240552451e-01 6.650820592818136590e-03 -6.768461455994279063e-01 7.623497654714851690e-02 -6.365539748159923690e-03 9.970695599332300985e-01 5.112724694389673630e+01
9.970397299934423696e-01 1.679002495007991596e-03 -7.686975140848592569e-02 -3.186695108360564799e+00 -1.142717932738654667e-03 9.999747066742177282e-01 7.019986829715634501e-03 -6.720992162904818601e-01 7.687958338235331701e-02 -6.911365828635425076e-03 9.970164300338336671e-01 5.210829716211190998e+01
9.970111834921822069e-01 -2.841213861928135946e-04 -7.725684557214358705e-02 -3.247766760777523576e+00 7.776562550677557041e-04 9.999794838886411075e-01 6.358227982146308875e-03 -6.950743254266013027e-01 7.725344369212105988e-02 -6.399304132734444719e-03 9.969909495138888911e-01 5.308370678266038567e+01
9.969883010096033393e-01 -3.780508993660454831e-03 -7.745990139975206246e-02 -3.328964467856748044e+00 4.282108472871235839e-03 9.999709198869698445e-01 6.310541996052800376e-03 -7.397347860636392936e-01 7.743378140702127099e-02 -6.623228722255063150e-03 9.969754968916370030e-01 5.403821298596641753e+01
9.968948463920029868e-01 -4.909529941161289678e-03 -7.859111083116517016e-02 -3.391552901290569633e+00 5.432382837863256562e-03 9.999645044608685973e-01 6.440422938529021327e-03 -7.264472324740151032e-01 7.855669120693856144e-02 -6.847361935078646183e-03 9.968861313809607161e-01 5.500618610602045067e+01
9.967373848618921173e-01 -7.450884288789504095e-03 -8.036834534929709895e-02 -3.434516300089471841e+00 8.149940284018684922e-03 9.999317279089757760e-01 8.373649457057956089e-03 -7.143176290896342540e-01 8.030045656166229229e-02 -9.001327351150889555e-03 9.967300596344129682e-01 5.597909263531854407e+01
9.967254215126838401e-01 -6.974718826672225008e-03 -8.055922295770763519e-02 -3.526098395698338717e+00 8.085827690855241362e-03 9.998765211847412404e-01 1.347448648227024190e-02 -7.332678096693276970e-01 8.045528404111844389e-02 -1.408175230400673418e-02 9.966587432587477036e-01 5.692634453154514063e+01
9.966551427536923802e-01 -8.857057796464952795e-03 -8.124087619516286163e-02 -3.630391908748017649e+00 1.025674871821888844e-02 9.998057931388961705e-01 1.682780784961608253e-02 -7.324376290620272512e-01 8.107604289979722378e-02 -1.760478986623338279e-02 9.965524299408113906e-01 5.787534336729368079e+01
9.966028320536476359e-01 -7.776680686846689991e-03 -8.198975186404344750e-02 -3.723532291257812155e+00 8.885159417990369859e-03 9.998738793588293206e-01 1.316356063131283137e-02 -7.295489819273407450e-01 8.187703146044508773e-02 -1.384733489087376646e-02 9.965462367570355751e-01 5.877614141285384619e+01
9.965071304060754143e-01 -6.075785370976304577e-03 -8.328640309789181462e-02 -3.823524402999749050e+00 6.587998764127275635e-03 9.999610311877298319e-01 5.876596749536599010e-03 -7.307764813427582995e-01 8.324744141449613721e-02 -6.404761742388517115e-03 9.965083248296788820e-01 5.966256661199830802e+01
9.964179256916191330e-01 -4.634050391797559475e-03 -8.443840372179856057e-02 -3.880052604140742378e+00 4.741942141143705089e-03 9.999881766866556276e-01 1.077254494734311389e-03 -7.745396827625833369e-01 8.443240200523169370e-02 -1.473797766645377821e-03 9.964281189932585603e-01 6.059593156675080650e+01
9.962850942283851818e-01 -1.679280579295531041e-04 -8.611610736521869980e-02 -3.958474769901906054e+00 2.699751095951910930e-04 9.999992751820572234e-01 1.173350533149351360e-03 -7.752903236085679772e-01 8.611583636403191688e-02 -1.192240876711083298e-03 9.962844173011584648e-01 6.154634349044609110e+01
9.962021976716550764e-01 3.377563248665920522e-04 -8.706933115918315258e-02 -4.036872479424517657e+00 -1.295056468289451429e-04 9.999971178053080889e-01 2.397418070180679962e-03 -7.665213673017632345e-01 8.706987827878796826e-02 -2.377037300708079344e-03 9.961993700221213333e-01 6.246783770839014238e+01
9.961364207282261685e-01 5.973257732473846379e-03 -8.761593847494011933e-02 -4.126905414518152959e+00 -5.547351933420366019e-03 9.999715890346846381e-01 5.103724273760584969e-03 -8.012372600379996657e-01 8.764392333571756344e-02 -4.597969482098828234e-03 9.961412551458008746e-01 6.333899763691178464e+01
9.960482969050636903e-01 5.553987513252625109e-03 -8.863940807169230773e-02 -4.204994531341399444e+00 -5.098698557662948404e-03 9.999726257416813313e-01 5.361999059286672899e-03 -8.288919109675321195e-01 8.866675022534516171e-02 -4.888864729590553480e-03 9.960493487796928669e-01 6.417823950991099480e+01
9.959234538108274748e-01 5.471489429804626305e-03 -9.003631598581374185e-02 -4.300176455166809575e+00 -4.921989772474672648e-03 9.999678901416676480e-01 6.323977988086600110e-03 -8.413826076791531827e-01 9.006801443820972031e-02 -5.855040571971842876e-03 9.959184053105964995e-01 6.507200089493328221e+01
9.957184863731448621e-01 7.419375342555737871e-03 -9.213929710383439442e-02 -4.356397015142880136e+00 -6.916352621901242052e-03 9.999593915946936029e-01 5.777474716314356246e-03 -8.422945727746649069e-01 9.217840837414006949e-02 -5.115470845402390020e-03 9.957293666930955300e-01 6.589576583920268149e+01
9.956798305546145089e-01 6.706231592492433585e-03 -9.261048968739463150e-02 -4.469351954329872534e+00 -6.190542662314421456e-03 9.999637003224269849e-01 5.854503272077070559e-03 -8.407362370831945597e-01 9.264637719449052289e-02 -5.255901985142141797e-03 9.956852027533323879e-01 6.671399532686905332e+01
9.955287424453390654e-01 6.775196021958154735e-03 -9.421582161522112919e-02 -4.547490872002358131e+00 -6.210393063439181675e-03 9.999609535238147551e-01 6.286687173670927470e-03 -8.436660965448420368e-01 9.425472372459473003e-02 -5.673460870570050905e-03 9.955319470257626424e-01 6.753471642842009715e+01
9.954772338409959564e-01 7.728781330560896903e-03 -9.468550163094080485e-02 -4.646869578022035263e+00 -6.668882748388838856e-03 9.999115742848447841e-01 1.150519902754409268e-02 -8.944661843785439714e-01 9.476603745983570859e-02 -1.082171799401008931e-02 9.954407502195034008e-01 6.832523819272286403e+01
9.952451720598020080e-01 1.423278142831346967e-02 -9.635599040334690002e-02 -4.727922978368845008e+00 -1.288219294584124104e-02 9.998100719928679769e-01 1.462426064734406554e-02 -8.953463897335145472e-01 9.654582066744475666e-02 -1.331344934129121381e-02 9.952394963842553510e-01 6.912480750314539080e+01
9.950982663055158994e-01 1.601078424328234578e-02 -9.758635506097132484e-02 -4.804773310016067001e+00 -1.452675537363480422e-02 9.997680717692477570e-01 1.589893043002492748e-02 -8.792431758175895951e-01 9.781826326519012238e-02 -1.440338608296005962e-02 9.951000594869890969e-01 6.992177710162928861e+01
9.949848428517528154e-01 1.753677117597208027e-02 -9.847652360136391336e-02 -4.910224706807006179e+00 -1.628349973859608696e-02 9.997760580799306407e-01 1.351596287047726261e-02 -9.162502444636088095e-01 9.869148370467140108e-02 -1.184463661871685419e-02 9.950475838637204973e-01 7.066868104212825585e+01
9.947918746490683750e-01 1.682428902255504732e-02 -1.005289561825435662e-01 -4.991732574075816053e+00 -1.638314145626660820e-02 9.998522015539826890e-01 5.212259086440421130e-03 -9.102830235141259330e-01 1.006017772407617750e-01 -3.538133069760039055e-03 9.949204804954013825e-01 7.139522376090249622e+01
9.946550784016103819e-01 1.585491501031542974e-02 -1.020289092101865080e-01 -5.068405746339287532e+00 -1.588620576037028109e-02 9.998736782601647111e-01 5.058727610814898069e-04 -9.465412011540266235e-01 1.020240276519044642e-01 1.117683524183318020e-03 9.947813061232515519e-01 7.209106483428088552e+01
9.945194163184467584e-01 1.706391846585477920e-02 -1.031501571978823834e-01 -5.109933251580798697e+00 -1.717075943483563349e-02 9.998525606583671399e-01 -1.478878468672602123e-04 -9.622988458112695653e-01 1.031324114552656379e-01 1.918244127225118617e-03 9.946657853086487977e-01 7.281365517509827612e+01
9.944301001654822780e-01 1.923119989167185184e-02 -1.036288499776882449e-01 -5.192460529158953619e+00 -1.917124099472730658e-02 9.998149748355696920e-01 1.574643690241177719e-03 -9.544957190496559107e-01 1.036399444476436144e-01 4.208207110798941036e-04 9.946147913756540060e-01 7.349585280529072406e+01
9.943093785000000073e-01 2.015006513203896482e-02 -1.046080133272598578e-01 -5.267145526252167365e+00 -1.975151436510818106e-02 9.997931826181889470e-01 4.844539080527142383e-03 -9.890241923846340155e-01 1.046839823350335374e-01 -2.750804085589338057e-03 9.945017321658007337e-01 7.412802743592472154e+01
9.941490940910328034e-01 1.835517668298849644e-02 -1.064456104971753247e-01 -5.284748822906006893e+00 -1.826654763791528413e-02 9.998315187089537037e-01 1.807576372327501270e-03 -9.985375553652960923e-01 1.064608405351364362e-01 1.473935178373812142e-04 9.943168841077268949e-01 7.474080715211712800e+01
9.942375203093035685e-01 1.179051217071922300e-02 -1.065492316693723435e-01 -5.352506010201484976e+00 -1.214281120374114883e-02 9.999227397763791325e-01 -2.658299235859197876e-03 -1.027644633961231735e+00 1.065096426814298863e-01 3.936788465355224934e-03 9.943038750977596374e-01 7.536204341027112719e+01
9.943936734508316277e-01 6.609227851638716650e-03 -1.055345535191265366e-01 -5.421587485909703297e+00 -7.406468874815502410e-03 9.999469078236777886e-01 -7.164196338887864231e-03 -1.039335056935521528e+00 1.054815865297458050e-01 7.905670641279756786e-03 9.943898298152760162e-01 7.597120739141928425e+01
9.947503238416669502e-01 8.160373506124109916e-03 -1.020058973944203001e-01 -5.509340482827498775e+00 -8.994925531781449574e-03 9.999297120598125144e-01 -7.724131077355625777e-03 -1.055492726526787939e+00 1.019356821685987596e-01 8.601118137495753976e-03 9.947538066975484261e-01 7.656193129474809211e+01
9.951807767456476439e-01 1.332444210874593298e-02 -9.714773448448471571e-02 -5.616997324296678862e+00 -1.412420514923952951e-02 9.998717484264283417e-01 -7.549399949338191432e-03 -1.020966520910953079e+00 9.703467060749097761e-02 8.885153056723027118e-03 9.952413402618435212e-01 7.712669896609200748e+01
9.956146409708215295e-01 1.271384569236445015e-02 -9.268142297369076632e-02 -5.644077195982913686e+00 -1.301955436623455746e-02 9.999116112185415517e-01 -2.694603623318402811e-03 -1.073624596875811577e+00 9.263895980002720409e-02 3.889458050813231378e-03 9.956921682713100186e-01 7.768621938720883691e+01
9.961922532220436333e-01 9.581808054925908258e-03 -8.665555234828856146e-02 -5.712261368666513128e+00 -9.532702772210792375e-03 9.999540820759968973e-01 9.804502484484444412e-04 -1.080517535869043533e+00 8.666095618461953920e-02 -1.506552493532883430e-04 9.962378505321305422e-01 7.825244952590115588e+01
9.968949265378772573e-01 5.574909259990887614e-03 -7.854569877529488098e-02 -5.742897746980371920e+00 -5.248778040408342421e-03 9.999767290241299289e-01 4.357950331681154955e-03 -1.093432211686639066e+00 7.856815558838012303e-02 -3.932149887361382525e-03 9.969009891491621422e-01 7.877686610200488815e+01
9.976395055453001204e-01 8.392417537887287768e-03 -6.815412725688567430e-02 -5.773791199746682423e+00 -8.122980957821221773e-03 9.999580634082032571e-01 4.229489747324411027e-03 -1.101840853207272541e+00 6.818675561406792318e-02 -3.665891617282551144e-03 9.976658392770000328e-01 7.926115002656295871e+01
9.985252305634352288e-01 1.212703255831061068e-02 -5.291785634727518700e-02 -5.816163206547399156e+00 -1.194067033123964380e-02 9.999213479853188424e-01 3.836429287441292697e-03 -1.111535175872262249e+00 5.296021166431385402e-02 -3.198896967898528804e-03 9.985914993496703973e-01 7.977771860046144070e+01
9.992200184870757562e-01 1.636720929176595576e-02 -3.593702033119597350e-02 -5.787637554653350058e+00 -1.624021071166933949e-02 9.998608107272993761e-01 3.822910984768227143e-03 -1.103193792563183395e+00 3.599458385606949667e-02 -3.236304622754665721e-03 9.993467446433246248e-01 8.026319764778806132e+01
9.997638919487144005e-01 1.646892343935761616e-02 -1.417515619066276114e-02 -5.761728822144203122e+00 -1.641673620989847482e-02 9.998580536816068509e-01 3.789878527041716690e-03 -1.098925906824921528e+00 1.423555740358713011e-02 -3.556274171639582215e-03 9.998923450870584873e-01 8.074480696732634044e+01
9.998350296058149400e-01 1.362755586823577968e-02 1.200847031261033891e-02 -5.738641644725861468e+00 -1.368014374745040937e-02 9.998971409184811421e-01 4.308270236600857291e-03 -1.115853358157417041e+00 -1.194852232798533642e-02 -4.471837465476680845e-03 9.999186144264304854e-01 8.121529409340939765e+01
9.990747535556210313e-01 1.275179226855416813e-02 4.107345641505395772e-02 -5.691083180696385746e+00 -1.306342185014640507e-02 9.998878192258017217e-01 7.327750240417861896e-03 -1.149401647684187733e+00 -4.097540131586651507e-02 -7.857530823814564899e-03 9.991292586677869014e-01 8.168324605560262341e+01
9.972296956178628990e-01 1.293001485438960256e-02 7.325127683925336530e-02 -5.610156737097870661e+00 -1.354749170333959668e-02 9.998767111011828135e-01 7.939018390300625963e-03 -1.143667430242367500e+00 -7.313958433529316183e-02 -8.909396744765506193e-03 9.972819176346886527e-01 8.210160046548401169e+01
9.937444334610741059e-01 1.256906738926385873e-02 1.109685588157589275e-01 -5.556116215462246544e+00 -1.343863852172640268e-02 9.998845485011244039e-01 7.091728317654708361e-03 -1.128739227754676389e+00 -1.108665960520860694e-01 -8.538632682138867086e-03 9.937986154895986912e-01 8.256484575293096384e+01
9.881322885900833963e-01 1.223216535098676540e-02 1.531174625499343855e-01 -5.509321946526982927e+00 -1.343863243256899868e-02 9.998862552616298860e-01 6.846871121418984275e-03 -1.131836753095111225e+00 -1.530162736689741898e-01 -8.823304589405788628e-03 9.881842775416271873e-01 8.300999567221838049e+01
9.800606256458560539e-01 1.230512216773046834e-02 1.983173190896904969e-01 -5.416037492061195557e+00 -1.385094388424770902e-02 9.998835291875013409e-01 6.409317938703405250e-03 -1.131714337500506096e+00 -1.982153268959487569e-01 -9.028403132207598117e-03 9.801169150428976629e-01 8.342896451463789731e+01
9.690317598937941979e-01 1.176050713885773077e-02 2.466559276042146198e-01 -5.245434632721882373e+00 -1.356848527168721258e-02 9.998920850091698176e-01 5.631561791119258850e-03 -1.161639447121419977e+00 -2.465630466547918120e-01 -8.803910515550480639e-03 9.690867594833082466e-01 8.383649103097189936e+01
9.539337770760353274e-01 1.168143092702823675e-02 2.997897676309986270e-01 -5.115649130330782945e+00 -1.337812559201398757e-02 9.999040006396595626e-01 3.607659093694659275e-03 -1.185982213702178045e+00 -2.997188052039946871e-01 -7.452093941191903839e-03 9.539984761560116322e-01 8.421801295211318461e+01
9.347455053684227133e-01 1.134557281003975571e-02 3.551367829540261756e-01 -4.922669260575088579e+00 -1.298914722660456794e-02 9.999131192310706240e-01 2.244100808067910936e-03 -1.198965941373314248e+00 -3.550804201866824550e-01 -6.710588024142657461e-03 9.348116638275915102e-01 8.458727626335235072e+01
9.112648401463612213e-01 1.127311050000990786e-02 4.116665279941789102e-01 -4.702296433061411207e+00 -1.255807648995524092e-02 9.999210574202029855e-01 4.166376670810573602e-04 -1.206573760516324256e+00 -4.116292779921704170e-01 -5.549407903438415349e-03 9.113344717769967795e-01 8.492384439091740944e+01
8.828890148932041493e-01 1.096161476927893022e-02 4.694537882709286514e-01 -4.486552211877786966e+00 -1.162267389744630480e-02 9.999313447929049081e-01 -1.489664093245071522e-03 -1.204960813236807926e+00 -4.694378240170541394e-01 -4.141101091170869795e-03 8.829558039774908496e-01 8.525156973349066902e+01
8.501099766103442645e-01 1.050381800503409450e-02 5.265004596150135718e-01 -4.220447079121375289e+00 -9.770630589228479143e-03 9.999435586030381851e-01 -4.173049056420796710e-03 -1.212418327738228108e+00 -5.265145055596958112e-01 -1.596691599583813714e-03 8.501646249750572926e-01 8.558339810134951620e+01
8.139725960889320211e-01 1.004795691471101378e-02 5.808164046385733137e-01 -3.959832603385041949e+00 -7.654732247085527415e-03 9.999491104282374199e-01 -6.571269672372909328e-03 -1.211525571783200972e+00 -5.808527971097217080e-01 9.028387532784434106e-04 8.140080887163864132e-01 8.585199363920436610e+01
7.744030886200888864e-01 9.925214266505378441e-03 6.326147321821515845e-01 -3.694037826884112974e+00 -6.440187924135388001e-03 9.999488035608675718e-01 -7.804754689497056357e-03 -1.200592444171769024e+00 -6.326597236139149816e-01 1.969867761266870000e-03 7.744273631931135604e-01 8.616405428507144393e+01
7.329246237037199130e-01 1.048987621581891523e-02 6.802290200744992577e-01 -3.367869038996064379e+00 -8.666944676769575487e-03 9.999439458296386363e-01 -6.081876505635172570e-03 -1.199974383451713367e+00 -6.802545973449117822e-01 -1.437951214430449338e-03 7.329744564774692828e-01 8.638463207680479172e+01
6.883644855994062173e-01 9.981510841728161859e-03 7.252963354232562221e-01 -3.051967428173164354e+00 -7.194117544474568603e-03 9.999500844205977401e-01 -6.933491060157560316e-03 -1.186273120016831273e+00 -7.253292413235093994e-01 -4.450990671720224086e-04 6.884019348011619632e-01 8.660640340455806552e+01
6.417894188079172890e-01 5.202008773415532292e-03 7.668633249015640585e-01 -2.777185734529187933e+00 -2.342849625820748669e-03 9.999856264181015142e-01 -4.822654456618008165e-03 -1.227491395833895549e+00 -7.668772870245992301e-01 1.298482220218473123e-03 6.417923827363331002e-01 8.685187715631094818e+01
5.956412973624548579e-01 4.009491208232698889e-03 8.032405957100605676e-01 -2.434003360856588305e+00 3.150911754111883779e-03 9.999681853052493352e-01 -7.328036371056993736e-03 -1.231523367436918370e+00 -8.032443148839686353e-01 6.895820777888864855e-03 5.956097149457466600e-01 8.699404765070060819e+01
5.494164135961068229e-01 4.652205522573688717e-03 8.355357887741173828e-01 -2.074374457179901210e+00 2.800041049105632396e-03 9.999686330741459628e-01 -7.408955535239513356e-03 -1.249811000046961107e+00 -8.355439365703855037e-01 6.410135623809281105e-03 5.493861550586853770e-01 8.718769653334858560e+01
5.027277148494629921e-01 5.301876433273090654e-03 8.644286172502240184e-01 -1.770630390213911998e+00 2.809942401188151011e-03 9.999658855577581162e-01 -7.767362964309435999e-03 -1.277383904108073231e+00 -8.644401934771333007e-01 6.333862518801071546e-03 5.026956679852958576e-01 8.732360638357077676e+01
4.577812312994893329e-01 1.052865364382469734e-02 8.890025855222760676e-01 -1.416442474730337464e+00 2.267396677209287427e-03 9.999127987700051623e-01 -1.300975524857091864e-02 -1.240023372519966527e+00 -8.890619194364567379e-01 7.971342617753257587e-03 4.577174410032278096e-01 8.743246077087037804e+01
4.146526200192566791e-01 5.284161288570579651e-03 9.099645008259223955e-01 -1.089975360227549706e+00 6.930719189425389552e-03 9.999357965487936095e-01 -8.964813974847489486e-03 -1.302047126492113183e+00 -9.099533275160845980e-01 1.002399146550675066e-02 4.145893763074915417e-01 8.757551990250347274e+01
3.756567877165479796e-01 -1.611555178628657414e-03 9.267575169927584344e-01 -7.285419906089141140e-01 2.003479736827343954e-02 9.997789109604634517e-01 -6.382478075322591503e-03 -1.309132811318522993e+00 -9.265422111561470997e-01 2.096502054603299053e-02 3.756060227897649595e-01 8.763474946627130180e+01
3.404994525877980682e-01 -6.754531009159083464e-03 9.402205151337651445e-01 -3.541900652907958857e-01 2.850699151298270381e-02 9.995886526564751184e-01 -3.142735069607899539e-03 -1.328094476657055711e+00 -9.398124042529427680e-01 2.787295860319878582e-02 3.405519419155471628e-01 8.774810717677671335e+01
3.069860728096190927e-01 -1.729987863442710230e-03 9.517124981762012936e-01 -2.433879362601787388e-02 2.494965559290352949e-02 9.996692921431961087e-01 -6.230644147632150021e-03 -1.310092028810081688e+00 -9.513868529157039067e-01 2.565762059703886183e-02 3.069277142387480395e-01 8.784374028308151594e+01
2.762973972326345784e-01 5.934015143786702112e-03 9.610539314476683748e-01 3.713121274606545619e-01 1.362355545348156380e-02 9.998562820210613600e-01 -1.009029216320431015e-02 -1.312171899690713239e+00 -9.609755578565077894e-01 1.588089272374225425e-02 2.761768474878000812e-01 8.790706712414569779e+01
2.480529094211060825e-01 1.188817649312245983e-02 9.686736038724178544e-01 7.315140193064750829e-01 9.782328349950247456e-03 9.998429798149202075e-01 -1.477571374807424426e-02 -1.303331644396676037e+00 -9.686970290113549042e-01 1.314104151948481541e-02 2.478976676185119798e-01 8.800989735250917079e+01
2.221704003887062795e-01 1.215556467613983400e-02 9.749321425410995001e-01 1.093193227666690026e+00 1.159218508998564184e-02 9.998186756795833796e-01 -1.510751304833361786e-02 -1.341713668904498391e+00 -9.749388733032742227e-01 1.465803564103446664e-02 2.219892075050281244e-01 8.809150964735769662e+01
1.979875931867949856e-01 1.201115360809039759e-02 9.801309982093503459e-01 1.548360827270553131e+00 1.804628964116902767e-02 9.997107750079211597e-01 -1.589646732453207922e-02 -1.387309237272649876e+00 -9.800383233757224977e-01 2.083503123441260430e-02 1.977135750535968794e-01 8.814660138360447661e+01
1.779423676288892642e-01 1.747387975140280922e-02 9.838858200584312819e-01 1.959281524341897285e+00 2.606043201784232627e-02 9.994079638596686799e-01 -2.246275744187201454e-02 -1.386692270492768664e+00 -9.836957037627581668e-01 2.963756651998862915e-02 1.773816440658718130e-01 8.820710346561044446e+01
1.590374196302195009e-01 2.414386331579143966e-02 9.869773571486800678e-01 2.395700830170368612e+00 2.621030585417548006e-02 9.992453155592646574e-01 -2.866738522223988284e-02 -1.399246795683883438e+00 -9.869245098361519863e-01 3.042816617402544291e-02 1.582845801388955975e-01 8.824139403132006976e+01
1.415550385156838786e-01 2.558114769477776163e-02 9.895998722693563066e-01 2.804753408222369959e+00 2.399577301566317017e-02 9.992836570800732732e-01 -2.926389177152759896e-02 -1.403874970470965877e+00 -9.896394506928622992e-01 2.788866581044429152e-02 1.408397987715648003e-01 8.829364088563518465e+01
1.263958263910369695e-01 2.341348858734121352e-02 9.917036026045726871e-01 3.245406446113892507e+00 2.229719792565311443e-02 9.994017787086044713e-01 -2.643708574239139741e-02 -1.385573637003395531e+00 -9.917291958685615638e-01 2.545374916508838514e-02 1.257981601445554432e-01 8.832828020046336803e+01
1.112627682120778949e-01 1.806427157722064261e-02 9.936268971666950556e-01 3.742100258263782564e+00 2.432997460972946210e-02 9.994855898139753947e-01 -2.089516520545740830e-02 -1.453347928762079855e+00 -9.934930881418440052e-01 2.649977152193200292e-02 1.107660318576016156e-01 8.839263749167422191e+01
9.741503688410976802e-02 1.750475008432873444e-02 9.950899592448466668e-01 4.236443255581137102e+00 2.361918754660700254e-02 9.995230486775804613e-01 -1.989494891991110473e-02 -1.422226093638770283e+00 -9.949634725180587225e-01 2.544128387322334983e-02 9.695512829415975364e-02 8.844838711288917921e+01
